1,0.2424,0.1308,0.2824,0.1316
2,0.2824,0.1316,-0.4216,0.0172
3,-0.4216,0.0172,-0.4484,-0.1104
4,-0.4484,-0.1104,-0.5132,-0.076
5,-0.5132,-0.076,0.0904,-0.1848
6,0.0904,-0.1848,0.3156,0.0192
7,0.3156,0.0192,0.306,0.0828
8,0.306,0.0828,0.4616,0.1548
9,0.4616,0.1548,0.2652,0.1256
10,0.2652,0.1256,0.3104,0.1124
11,0.3104,0.1124,-0.3856,0.0244
12,-0.3856,0.0244,0.2416,0.0548
1,0.0008,-0.0396,0.2308,-0.136
2,0.2308,-0.136,-0.2264,0.0156
3,-0.2264,0.0156,0.4536,-0.0624
4,0.4536,-0.0624,0.8784,-0.1104
5,0.8784,-0.1104,0.0644,-0.1184
6,0.0644,-0.1184,0.176,-0.0052
7,0.176,-0.0052,-0.0052,0.0356
1,0.31,0.0168,-0.3104,0.3192
2,-0.3104,0.3192,-0.6332,0.3684
3,-0.6332,0.3684,-0.7356,0.252
4,-0.7356,0.252,-0.7676,0.2308
5,-0.7676,0.2308,0.3776,0.0012
6,0.3776,0.0012,0.4016,0.0128
7,0.4016,0.0128,0.1316,0.0984
8,0.1316,0.0984,-0.464,0.2124
9,-0.464,0.2124,-0.7116,0.2052
10,-0.7116,0.2052,-0.0172,0.094
1,0.2908,0.0508,0.2508,0.1816
2,0.2508,0.1816,-0.1156,-0.3192
3,-0.1156,-0.3192,0.3972,0.0712
4,0.3972,0.0712,0.4584,0.1336
5,0.4584,0.1336,-0.5904,-0.2516
6,-0.5904,-0.2516,0.3848,0.1276
7,0.3848,0.1276,0.4812,0.1376
1,-0.0268,-0.0812,0.0044,-0.1244
2,0.0044,-0.1244,0.3204,0.2056
3,0.3204,0.2056,0.3424,0.2808
4,0.3424,0.2808,0.3572,0.3168
5,0.3572,0.3168,-0.0556,-0.0496
6,-0.0556,-0.0496,0.0248,-0.0692
7,0.0248,-0.0692,-0.1108,-0.0968
8,-0.1108,-0.0968,-0.1684,-0.1072
9,-0.1684,-0.1072,-0.0236,-0.0868
10,-0.0236,-0.0868,0.0396,-0.0896
1,-0.1724,0.046,-0.1968,0.008
2,-0.1968,0.008,0.1192,0.0072
3,0.1192,0.0072,0.5212,-0.0064
4,0.5212,-0.0064,0.396,0.1024
5,0.396,0.1024,-0.2948,-0.0012
6,-0.2948,-0.0012,-0.5284,-0.038
7,-0.5284,-0.038,-0.182,-0.044
8,-0.182,-0.044,0.0532,-0.0204
9,0.0532,-0.0204,0.524,0.11
1,0.2076,0.0176,0.3756,0.1376
2,0.3756,0.1376,-0.3084,-0.0064
3,-0.3084,-0.0064,0.192,0.0212
4,0.192,0.0212,0.3376,0.0696
5,0.3376,0.0696,0.624,0.08
6,0.624,0.08,0.7612,0.1224
7,0.7612,0.1224,0.7764,0.3024
8,0.7764,0.3024,0.7068,-0.0728
9,0.7068,-0.0728,0.6724,-0.186
10,0.6724,-0.186,-0.3744,-0.246
11,-0.3744,-0.246,-0.6196,-0.1676
1,0.1672,-0.164,0.0648,0.0716
2,0.0648,0.0716,0.1608,0.108
3,0.1608,0.108,0.6848,0.0388
4,0.6848,0.0388,0.3304,-0.104
5,0.3304,-0.104,0.6524,-0.0892
6,0.6524,-0.0892,0.7492,-0.03
7,0.7492,-0.03,-0.554,-0.134
1,-0.1428,0.1104,-0.2204,0.1164
2,-0.2204,0.1164,0.454,0.1484
3,0.454,0.1484,0.4684,0.1156
4,0.4684,0.1156,0.3916,0.3024
5,0.3916,0.3024,0.2872,0.372
6,0.2872,0.372,-0.3308,0.2452
7,-0.3308,0.2452,-0.2556,0.0936
8,-0.2556,0.0936,-0.0116,0.1828
9,-0.0116,0.1828,-0.31,0.2872
10,-0.31,0.2872,-0.408,0.29
11,-0.408,0.29,0.3176,0.1572
1,0.1976,0.0892,-0.004,0.2648
2,-0.004,0.2648,-0.2016,0.1388
3,-0.2016,0.1388,-0.0124,0.2424
4,-0.0124,0.2424,0.3712,-0.044
5,0.3712,-0.044,-0.1624,-0.088
6,-0.1624,-0.088,-0.0284,0.28
7,-0.0284,0.28,0.2264,0.046
8,0.2264,0.046,0.0576,0.122
1,0.3632,-0.0392,0.3268,-0.0316
2,0.3268,-0.0316,-0.5948,0.1384
3,-0.5948,0.1384,-0.1036,-0.0364
4,-0.1036,-0.0364,0.3392,-0.0304
5,0.3392,-0.0304,-0.548,0.1176
6,-0.548,0.1176,-0.664,0.1372
7,-0.664,0.1372,-0.1248,0.1528
8,-0.1248,0.1528,0.3308,-0.0276
1,-0.0968,-0.0024,-0.1596,0.1536
2,-0.1596,0.1536,0.0532,0.1108
3,0.0532,0.1108,0.0676,0.094
4,0.0676,0.094,0.4784,0.2032
5,0.4784,0.2032,-0.07,0.0428
6,-0.07,0.0428,-0.1052,0.0172
7,-0.1052,0.0172,0.074,0.0868
8,0.074,0.0868,0.6472,0.1916
9,0.6472,0.1916,0.2936,0.2876
10,0.2936,0.2876,-0.406,0.3156
1,0.0936,0.0444,0.1836,0.0172
2,0.1836,0.0172,0.3828,0.0748
3,0.3828,0.0748,0.6372,0.0964
4,0.6372,0.0964,0.6652,0.0752
5,0.6652,0.0752,0.0516,0.0548
6,0.0516,0.0548,0.572,0.0864
7,0.572,0.0864,0.102,0.1368
1,0.0796,-0.0724,-0.0148,-0.0672
2,-0.0148,-0.0672,-0.102,-0.0772
3,-0.102,-0.0772,-0.5288,0.126
4,-0.5288,0.126,-0.096,-0.0032
5,-0.096,-0.0032,-0.0248,-0.0016
6,-0.0248,-0.0016,-0.4396,0.2104
7,-0.4396,0.2104,-0.0012,0.0064
8,-0.0012,0.0064,0.1796,-0.0688
9,0.1796,-0.0688,0.2504,0.2376
10,0.2504,0.2376,0.426,0.2848
11,0.426,0.2848,0.196,-0.0632
1,-0.2028,-0.088,-0.2916,-0.2128
2,-0.2916,-0.2128,-0.3504,-0.176
3,-0.3504,-0.176,0.3808,-0.0044
4,0.3808,-0.0044,0.492,-0.1124
5,0.492,-0.1124,0.5684,-0.4448
6,0.5684,-0.4448,0.1444,-0.4868
7,0.1444,-0.4868,-0.4108,-0.4192
8,-0.4108,-0.4192,-0.57,-0.262
9,-0.57,-0.262,-0.28,-0.1732
10,-0.28,-0.1732,0.0448,-0.0452
1,0.0652,0.1064,-0.4436,0.1916
2,-0.4436,0.1916,-0.7724,0.2556
3,-0.7724,0.2556,-0.8384,0.2816
4,-0.8384,0.2816,0.062,0.2228
5,0.062,0.2228,0.0608,0.1444
6,0.0608,0.1444,0.4992,0.2336
7,0.4992,0.2336,0.5676,0.284
8,0.5676,0.284,-0.3656,0.2364
9,-0.3656,0.2364,-0.7544,0.2836
10,-0.7544,0.2836,-0.8116,0.294
11,-0.8116,0.294,0.162,0.1872
1,-0.4652,-0.202,-0.5768,-0.2296
2,-0.5768,-0.2296,0.4656,-0.0952
3,0.4656,-0.0952,-0.628,-0.176
4,-0.628,-0.176,-0.5688,-0.1588
5,-0.5688,-0.1588,-0.5392,-0.1596
6,-0.5392,-0.1596,0.3868,-0.092
7,0.3868,-0.092,0.4628,-0.0752
8,0.4628,-0.0752,0.5048,-0.014
9,0.5048,-0.014,-0.3672,-0.0596
10,-0.3672,-0.0596,-0.4988,-0.064
1,-0.0084,0.0328,0.244,0.0408
2,0.244,0.0408,0.0964,0.0844
3,0.0964,0.0844,-0.28,0.1276
4,-0.28,0.1276,-0.0892,0.1188
5,-0.0892,0.1188,-0.1348,0.0488
6,-0.1348,0.0488,0.426,-0.136
7,0.426,-0.136,0.0968,-0.0904
8,0.0968,-0.0904,-0.0828,0.1
9,-0.0828,0.1,-0.1316,0.0116
1,-0.0608,-0.2596,-0.0164,-0.3316
2,-0.0164,-0.3316,0.1292,0.0944
3,0.1292,0.0944,0.1192,0.1264
4,0.1192,0.1264,0.7092,-0.2184
5,0.7092,-0.2184,-0.1364,-0.426
6,-0.1364,-0.426,-0.0892,-0.3752
7,-0.0892,-0.3752,-0.4932,0.3392
8,-0.4932,0.3392,0.1744,0.1284
9,0.1744,0.1284,0.1348,0.1172
1,0.044,0.14,0.5336,0.06
2,0.5336,0.06,0.5704,-0.0484
3,0.5704,-0.0484,0.5672,-0.1632
4,0.5672,-0.1632,0.5636,-0.1132
5,0.5636,-0.1132,0.43,0.0684
6,0.43,0.0684,0.4772,0.1416
7,0.4772,0.1416,-0.0068,0.1036
8,-0.0068,0.1036,-0.2728,0.2096
9,-0.2728,0.2096,0.496,-0.0004
1,-0.2892,-0.0236,-0.362,-0.0128
2,-0.362,-0.0128,-0.5144,-0.18
3,-0.5144,-0.18,-0.6136,-0.2308
4,-0.6136,-0.2308,-0.4704,-0.2724
5,-0.4704,-0.2724,0.388,-0.2456
6,0.388,-0.2456,-0.2872,-0.0784
7,-0.2872,-0.0784,-0.342,-0.0372
8,-0.342,-0.0372,0.392,-0.2672
9,0.392,-0.2672,0.5312,-0.2188
10,0.5312,-0.2188,-0.2452,-0.0276
1,0.3524,0.0004,-0.4552,-0.038
2,-0.4552,-0.038,-0.5332,-0.028
3,-0.5332,-0.028,0.4952,-0.0484
4,0.4952,-0.0484,-0.2956,-0.0412
5,-0.2956,-0.0412,-0.2816,0.1496
6,-0.2816,0.1496,-0.422,0.2156
7,-0.422,0.2156,0.0956,0.1036
8,0.0956,0.1036,0.4456,-0.0028
9,0.4456,-0.0028,-0.0836,0.1108
1,-0.0284,0.0344,-0.2944,0.0072
2,-0.2944,0.0072,-0.0016,0.1056
3,-0.0016,0.1056,0.1816,0.1508
4,0.1816,0.1508,-0.2424,0.0936
5,-0.2424,0.0936,0.3928,0.0648
6,0.3928,0.0648,0.3904,-0.0444
7,0.3904,-0.0444,0.3484,-0.062
8,0.3484,-0.062,0.3956,-0.0748
9,0.3956,-0.0748,0.35,-0.0716
1,-0.1072,-0.0288,-0.1468,-0.0616
2,-0.1468,-0.0616,-0.1368,-0.1256
3,-0.1368,-0.1256,-0.2384,-0.0804
4,-0.2384,-0.0804,-0.1496,-0.064
5,-0.1496,-0.064,-0.1256,-0.0628
6,-0.1256,-0.0628,0.4864,0.1304
7,0.4864,0.1304,0.8144,0.1228
8,0.8144,0.1228,0.0072,0.0056
9,0.0072,0.0056,-0.126,0.0084
1,-0.0888,0.152,-0.2968,0.0836
2,-0.2968,0.0836,0.2196,0.1324
3,0.2196,0.1324,0.32,0.168
4,0.32,0.168,-0.1088,0.008
5,-0.1088,0.008,0.4052,0.0824
6,0.4052,0.0824,0.136,0.0604
7,0.136,0.0604,-0.1628,0.0536
8,-0.1628,0.0536,-0.1448,0.0456
1,0.2788,0.0628,-0.4672,0.1364
2,-0.4672,0.1364,0.3692,0.03
3,0.3692,0.03,0.282,0.058
4,0.282,0.058,0.216,0.0684
5,0.216,0.0684,0.3328,0.0684
6,0.3328,0.0684,0.118,0.008
1,0.3344,0.0068,0.5176,-0.0348
2,0.5176,-0.0348,0.5888,-0.0656
3,0.5888,-0.0656,0.4976,-0.036
4,0.4976,-0.036,0.642,-0.05
5,0.642,-0.05,0.512,-0.01
6,0.512,-0.01,0.1668,0.098
7,0.1668,0.098,0.0864,0.136
8,0.0864,0.136,0.2724,0.0784
1,0.1328,-0.05,0.4212,-0.0088
2,0.4212,-0.0088,0.2752,-0.1968
3,0.2752,-0.1968,0.33,-0.1328
4,0.33,-0.1328,0.0372,-0.1256
5,0.0372,-0.1256,0.2472,-0.1468
6,0.2472,-0.1468,0.5888,-0.102
7,0.5888,-0.102,0.866,-0.0324
8,0.866,-0.0324,0.1016,-0.1184
9,0.1016,-0.1184,-0.0308,-0.1164
1,0.0928,0.0688,-0.0056,0.154
2,-0.0056,0.154,-0.0088,0.302
3,-0.0088,0.302,0.176,0.1316
4,0.176,0.1316,0.202,0.3804
5,0.202,0.3804,0.0528,0.374
6,0.0528,0.374,0.18,-0.0968
7,0.18,-0.0968,0.5448,-0.0908
8,0.5448,-0.0908,0.6276,0.1668
9,0.6276,0.1668,-0.1852,0.35
10,-0.1852,0.35,-0.0208,0.3112
11,-0.0208,0.3112,0.1048,0.2436
1,0.4112,0.0068,0.0248,-0.2744
2,0.0248,-0.2744,-0.0232,-0.4436
3,-0.0232,-0.4436,0.1948,-0.0628
4,0.1948,-0.0628,-0.0436,-0.3648
5,-0.0436,-0.3648,0.2944,-0.1048
6,0.2944,-0.1048,0.45,-0.048
7,0.45,-0.048,-0.0272,-0.2912
8,-0.0272,-0.2912,0.0436,-0.0232
1,-0.1892,-0.0152,-0.5364,-0.0236
2,-0.5364,-0.0236,-0.0996,0.0264
3,-0.0996,0.0264,-0.3172,0.044
4,-0.3172,0.044,-0.656,0.0192
5,-0.656,0.0192,-0.796,-0.1112
6,-0.796,-0.1112,0.496,0.1024
7,0.496,0.1024,0.66,0.1196
1,0.1192,0.0032,0.03,0.04
2,0.03,0.04,0.0436,0.0448
3,0.0436,0.0448,0.368,0.2772
4,0.368,0.2772,0.4904,0.4156
5,0.4904,0.4156,0.5424,0.4944
6,0.5424,0.4944,-0.158,0.0668
7,-0.158,0.0668,-0.0308,0.042
8,-0.0308,0.042,0.1152,0.0144
1,-0.2172,-0.1064,-0.2028,-0.1772
2,-0.2028,-0.1772,0.2356,-0.068
3,0.2356,-0.068,-0.2112,-0.0908
4,-0.2112,-0.0908,-0.2352,-0.0976
5,-0.2352,-0.0976,0.1896,-0.0796
6,0.1896,-0.0796,-0.1376,-0.0992
1,0.4108,0.2016,0.6924,-0.1752
2,0.6924,-0.1752,0.7404,0.2076
3,0.7404,0.2076,0.822,0.2008
4,0.822,0.2008,0.5976,-0.2268
5,0.5976,-0.2268,-0.508,-0.1964
6,-0.508,-0.1964,0.1532,0.1288
7,0.1532,0.1288,-0.0076,0.0772
1,-0.2128,0.04,-0.42,0.1884
2,-0.42,0.1884,-0.56,0.2112
3,-0.56,0.2112,-0.4888,0.2128
4,-0.4888,0.2128,-0.4004,0.21
5,-0.4004,0.21,0.32,0.1184
6,0.32,0.1184,0.5884,0.114
7,0.5884,0.114,-0.118,0.0488
8,-0.118,0.0488,-0.1372,0.0092
9,-0.1372,0.0092,0.0564,0.08
1,0.08,-0.1472,0.03,-0.1888
2,0.03,-0.1888,0.3028,-0.2276
3,0.3028,-0.2276,0.2248,-0.2312
4,0.2248,-0.2312,0.0636,-0.2796
5,0.0636,-0.2796,0.044,-0.2408
6,0.044,-0.2408,0.3124,-0.2572
7,0.3124,-0.2572,0.0372,-0.2408
1,0.1248,0.16,0.2252,0.1792
2,0.2252,0.1792,-0.1168,0.1608
3,-0.1168,0.1608,-0.1484,0.1572
4,-0.1484,0.1572,0.0796,-0.1556
5,0.0796,-0.1556,-0.056,-0.1672
6,-0.056,-0.1672,0.6552,0.0388
7,0.6552,0.0388,0.3088,-0.0076
8,0.3088,-0.0076,0.178,0.0972
9,0.178,0.0972,0.2072,0.1536
10,0.2072,0.1536,-0.1444,0.1564
1,0.24,-0.016,0.4068,-0.11
2,0.4068,-0.11,0.454,0.2224
3,0.454,0.2224,0.2828,0.3364
4,0.2828,0.3364,-0.1256,-0.2076
5,-0.1256,-0.2076,0.4112,-0.192
6,0.4112,-0.192,-0.3408,-0.0568
7,-0.3408,-0.0568,-0.2992,0.376
8,-0.2992,0.376,0.4084,0.292
9,0.4084,0.292,0.4872,0.25
10,0.4872,0.25,-0.2988,-0.164
1,-0.5108,-0.002,-0.4348,-0.1188
2,-0.4348,-0.1188,0.2876,-0.13
3,0.2876,-0.13,0.7272,-0.1616
4,0.7272,-0.1616,0.7664,-0.1644
5,0.7664,-0.1644,0.292,-0.1992
6,0.292,-0.1992,-0.5156,-0.1252
7,-0.5156,-0.1252,-0.406,-0.0496
8,-0.406,-0.0496,-0.5116,0.0196
9,-0.5116,0.0196,0.0532,0.01
10,0.0532,0.01,0.07,0.1908
1,0.346,0.0344,0.206,-0.022
2,0.206,-0.022,0.7712,-0.0044
3,0.7712,-0.0044,0.656,0.0256
4,0.656,0.0256,-0.1732,-0.0048
5,-0.1732,-0.0048,-0.2208,-0.0224
6,-0.2208,-0.0224,-0.2896,-0.024
7,-0.2896,-0.024,-0.0096,-0.0236
1,0.3308,-0.0172,0.3944,0.0208
2,0.3944,0.0208,0.2284,0.0412
3,0.2284,0.0412,0.3272,0.038
4,0.3272,0.038,0.39,0.0324
5,0.39,0.0324,0.3144,0.0368
6,0.3144,0.0368,0.3724,0.0324
7,0.3724,0.0324,-0.0368,0.07
8,-0.0368,0.07,0.3092,-0.0136
1,-0.3568,0.0928,-0.884,0.1184
2,-0.884,0.1184,0.4496,-0.0032
3,0.4496,-0.0032,0.1856,0.084
4,0.1856,0.084,0.7132,0.2788
5,0.7132,0.2788,0.046,0.0892
6,0.046,0.0892,-0.076,0.0556
7,-0.076,0.0556,0.1424,0.0716
8,0.1424,0.0716,0.5108,0.0944
9,0.5108,0.0944,0.0644,0.0712
1,0.5084,0.0384,-0.126,0.0724
2,-0.126,0.0724,-0.2312,0.086
3,-0.2312,0.086,-0.282,0.096
4,-0.282,0.096,-0.1672,0.084
5,-0.1672,0.084,-0.0432,0.0924
6,-0.0432,0.0924,-0.0848,0.1028
7,-0.0848,0.1028,-0.0252,0.112
8,-0.0252,0.112,0.65,-0.0348
9,0.65,-0.0348,0.5724,0.0316
1,-0.198,-0.174,-0.174,0.0236
2,-0.174,0.0236,-0.198,-0.134
3,-0.198,-0.134,0.0796,0.3692
4,0.0796,0.3692,0.31,0.4132
5,0.31,0.4132,-0.5248,0.3792
6,-0.5248,0.3792,-0.17,-0.0512
1,-0.4204,0.2148,-0.7136,0.256
2,-0.7136,0.256,-0.4784,0.206
3,-0.4784,0.206,-0.3532,0.19
4,-0.3532,0.19,-0.4352,0.192
5,-0.4352,0.192,-0.3768,0.1924
6,-0.3768,0.1924,-0.3072,0.1844
7,-0.3072,0.1844,-0.23,0.1608
8,-0.23,0.1608,0.24,0.03
9,0.24,0.03,-0.5852,0.19
10,-0.5852,0.19,-0.7856,0.234
11,-0.7856,0.234,0.0632,0.1564
1,-0.1748,0.0332,-0.442,-0.1992
2,-0.442,-0.1992,-0.5076,-0.2076
3,-0.5076,-0.2076,-0.3956,-0.2412
4,-0.3956,-0.2412,-0.478,-0.3288
5,-0.478,-0.3288,0.5748,-0.3864
6,0.5748,-0.3864,0.2468,-0.3656
7,0.2468,-0.3656,-0.1152,-0.3472
8,-0.1152,-0.3472,-0.206,-0.3384
9,-0.206,-0.3384,-0.258,-0.3316
10,-0.258,-0.3316,0.676,-0.3228
11,0.676,-0.3228,0.3648,-0.3272
1,0.21,0.0208,0.3592,0.038
2,0.3592,0.038,0.4432,0.0836
3,0.4432,0.0836,-0.2116,0.204
4,-0.2116,0.204,-0.2536,0.0868
5,-0.2536,0.0868,0.2296,0.0524
6,0.2296,0.0524,0.3844,0.0812
7,0.3844,0.0812,0.4212,0.0904
8,0.4212,0.0904,-0.0028,-0.502
9,-0.0028,-0.502,-0.05,-0.5432
10,-0.05,-0.5432,-0.0028,-0.53
1,0.1632,0.1868,-0.5236,-0.26
2,-0.5236,-0.26,-0.5008,-0.0316
3,-0.5008,-0.0316,-0.5732,-0.4428
4,-0.5732,-0.4428,0.1944,0.2516
5,0.1944,0.2516,0.2288,0.1796
6,0.2288,0.1796,0.076,0.1984
7,0.076,0.1984,-0.1496,0.1384
8,-0.1496,0.1384,0.9268,0.1708
9,0.9268,0.1708,0.096,-0.0668
10,0.096,-0.0668,-0.4508,-0.2
11,-0.4508,-0.2,-0.5688,-0.3312
1,-0.354,0.1232,-0.4812,-0.1428
2,-0.4812,-0.1428,-0.4604,0.0588
3,-0.4604,0.0588,-0.468,-0.0812
4,-0.468,-0.0812,0.2888,-0.044
5,0.2888,-0.044,0.8144,0.094
6,0.8144,0.094,0.872,0.2012
7,0.872,0.2012,-0.0288,-0.044
8,-0.0288,-0.044,-0.47,-0.0172
9,-0.47,-0.0172,-0.5488,-0.1312
1,-0.1632,-0.2276,-0.0308,-0.37
2,-0.0308,-0.37,-0.1476,-0.1608
3,-0.1476,-0.1608,-0.2284,0.0388
4,-0.2284,0.0388,0.02,0.022
5,0.02,0.022,0.4764,-0.0944
6,0.4764,-0.0944,0.3352,-0.05
7,0.3352,-0.05,-0.006,0.0556
8,-0.006,0.0556,0.1316,0.116
1,0.0704,0.11,0.5592,0.0464
2,0.5592,0.0464,0.5056,0.0768
3,0.5056,0.0768,-0.3012,0.144
4,-0.3012,0.144,-0.7644,0.2252
5,-0.7644,0.2252,0.2744,0.118
6,0.2744,0.118,0.5072,0.0968
7,0.5072,0.0968,0.5544,0.1064
8,0.5544,0.1064,-0.0872,0.146
9,-0.0872,0.146,0.0528,0.138
1,0.0672,0.018,0.1128,-0.0192
2,0.1128,-0.0192,0.0908,0.0064
3,0.0908,0.0064,0.1308,-0.02
4,0.1308,-0.02,0.0292,-0.0436
5,0.0292,-0.0436,-0.006,0.096
6,-0.006,0.096,0.0932,0.116
7,0.0932,0.116,0.096,-0.0192
8,0.096,-0.0192,0.0312,0.01
9,0.0312,0.01,-0.0252,0.114
1,-0.2816,0.0932,-0.3312,0.0976
2,-0.3312,0.0976,0.4904,0.0884
3,0.4904,0.0884,0.4568,0.1204
4,0.4568,0.1204,-0.266,-0.0772
5,-0.266,-0.0772,-0.0992,-0.006
6,-0.0992,-0.006,0.2648,0.006
7,0.2648,0.006,0.4064,0.0448
8,0.4064,0.0448,0.1292,0.0532
9,0.1292,0.0532,-0.1152,0.1128
10,-0.1152,0.1128,-0.2488,0.1044
1,-0.0992,0.0692,-0.5184,-0.516
2,-0.5184,-0.516,0.3516,0.156
3,0.3516,0.156,0.1264,0.0576
4,0.1264,0.0576,0.3336,0.1188
5,0.3336,0.1188,0.3856,0.144
6,0.3856,0.144,-0.4796,-0.5252
7,-0.4796,-0.5252,-0.2344,-0.0872
8,-0.2344,-0.0872,-0.0656,0.0592
9,-0.0656,0.0592,0.0216,0.062
10,0.0216,0.062,0.788,0.2976
11,0.788,0.2976,0.236,0.212
1,-0.282,-0.008,0.0612,0.1672
2,0.0612,0.1672,0.314,0.2508
3,0.314,0.2508,0.0656,0.0212
4,0.0656,0.0212,0.4596,-0.0068
5,0.4596,-0.0068,0.0836,0.0184
6,0.0836,0.0184,-0.4288,-0.0324
7,-0.4288,-0.0324,0.3812,-0.0432
8,0.3812,-0.0432,0.6184,-0.0272
9,0.6184,-0.0272,-0.6856,-0.0932
10,-0.6856,-0.0932,-0.7728,-0.0472
11,-0.7728,-0.0472,-0.2252,-0.0456
12,-0.2252,-0.0456,-0.132,-0.0092
1,-0.476,0.1888,0.478,0.1284
2,0.478,0.1284,0.5632,0.1336
3,0.5632,0.1336,0.5236,0.1332
4,0.5236,0.1332,0.1352,0.3424
5,0.1352,0.3424,0.3464,0.172
6,0.3464,0.172,-0.5972,0.2004
7,-0.5972,0.2004,-0.5572,0.2168
8,-0.5572,0.2168,0.354,0.2004
9,0.354,0.2004,0.5356,0.118
10,0.5356,0.118,0.5584,0.1328
1,0.0528,-0.1616,-0.4104,-0.0852
2,-0.4104,-0.0852,-0.4884,-0.058
3,-0.4884,-0.058,0.0792,-0.302
4,0.0792,-0.302,0.3536,0.0024
5,0.3536,0.0024,0.3488,-0.0464
6,0.3488,-0.0464,0.004,-0.0136
7,0.004,-0.0136,-0.4724,0.0976
8,-0.4724,0.0976,-0.6416,0.1716
9,-0.6416,0.1716,-0.6836,0.3256
10,-0.6836,0.3256,0.026,0.036
1,-0.0396,-0.0316,0.0836,-0.0224
2,0.0836,-0.0224,0.1288,0.0136
3,0.1288,0.0136,0.0836,-0.088
4,0.0836,-0.088,0.1252,0.0824
5,0.1252,0.0824,0.1468,0.154
6,0.1468,0.154,-0.0084,-0.0424
7,-0.0084,-0.0424,0.2576,-0.0692
8,0.2576,-0.0692,0.2168,0.158
9,0.2168,0.158,0.0428,0.028
1,0.12,-0.0112,0.3708,0.0344
2,0.3708,0.0344,-0.1184,0.0216
3,-0.1184,0.0216,-0.3208,0.0444
4,-0.3208,0.0444,0.1344,0.1072
5,0.1344,0.1072,-0.4672,-0.1908
6,-0.4672,-0.1908,-0.6836,-0.2484
7,-0.6836,-0.2484,-0.0952,0.0596
8,-0.0952,0.0596,0.1804,0.05
9,0.1804,0.05,0.3772,0.0652
10,0.3772,0.0652,0.0256,0.1696
1,-0.5316,0.1232,-0.4292,0.1648
2,-0.4292,0.1648,0.5004,0.1168
3,0.5004,0.1168,0.6948,0.118
4,0.6948,0.118,0.7916,-0.0632
5,0.7916,-0.0632,-0.4788,0.2116
6,-0.4788,0.2116,-0.3604,0.1408
7,-0.3604,0.1408,-0.4792,0.1572
1,-0.0028,0.0492,0.1008,0.0204
2,0.1008,0.0204,0.5276,0.1076
3,0.5276,0.1076,0.4764,0.0912
4,0.4764,0.0912,0.0196,-0.3156
5,0.0196,-0.3156,-0.0396,-0.144
6,-0.0396,-0.144,-0.506,0.21
7,-0.506,0.21,0.1424,-0.2928
8,0.1424,-0.2928,0.0396,-0.0428
9,0.0396,-0.0428,-0.0476,-0.0228
10,-0.0476,-0.0228,-0.1284,-0.012
1,-0.2368,-0.2808,0.378,-0.298
2,0.378,-0.298,0.4672,0.094
3,0.4672,0.094,-0.1828,0.0216
4,-0.1828,0.0216,-0.696,-0.1308
5,-0.696,-0.1308,-0.0832,-0.1672
6,-0.0832,-0.1672,0.1092,0.2404
7,0.1092,0.2404,0.3908,0.3912
8,0.3908,0.3912,0.5532,-0.136
9,0.5532,-0.136,0.6232,-0.3304
1,-0.068,0.2508,-0.336,0.5112
2,-0.336,0.5112,-0.5444,0.5304
3,-0.5444,0.5304,0.3352,0.5456
4,0.3352,0.5456,0.41,0.5664
5,0.41,0.5664,0.642,0.4216
6,0.642,0.4216,-0.1272,0.2404
7,-0.1272,0.2404,-0.2,-0.1284
8,-0.2,-0.1284,-0.5208,0.3784
9,-0.5208,0.3784,-0.5552,0.5008
10,-0.5552,0.5008,-0.298,0.5528
11,-0.298,0.5528,0.27,0.538
12,0.27,0.538,0.0276,0.0588
1,0.164,0.14,0.1984,0.1748
2,0.1984,0.1748,0.1888,0.132
3,0.1888,0.132,0.5172,0.1944
4,0.5172,0.1944,-0.1924,0.016
5,-0.1924,0.016,0.2208,0.0768
6,0.2208,0.0768,0.08,0.0972
1,0.2144,0.0112,0.1948,-0.1108
2,0.1948,-0.1108,0.3076,-0.0104
3,0.3076,-0.0104,0.28,0.0852
4,0.28,0.0852,0.2572,0.0124
5,0.2572,0.0124,0.204,-0.1156
6,0.204,-0.1156,-0.2568,-0.0124
7,-0.2568,-0.0124,-0.1124,0.0136
8,-0.1124,0.0136,0.2176,-0.0432
1,-0.3276,0.1292,-0.4204,0.1928
2,-0.4204,0.1928,-0.4336,0.236
3,-0.4336,0.236,0.0664,0.0984
4,0.0664,0.0984,-0.0188,-0.2448
5,-0.0188,-0.2448,-0.216,-0.1956
6,-0.216,-0.1956,-0.3528,0.0868
7,-0.3528,0.0868,-0.3756,0.13
8,-0.3756,0.13,0.7364,-0.4516
9,0.7364,-0.4516,0.7984,-0.5008
1,-0.308,0.0184,-0.372,-0.0696
2,-0.372,-0.0696,-0.2784,-0.0844
3,-0.2784,-0.0844,-0.4788,-0.1156
4,-0.4788,-0.1156,-0.5304,-0.1256
5,-0.5304,-0.1256,-0.28,-0.1096
6,-0.28,-0.1096,0.3244,0.27
7,0.3244,0.27,0.4248,0.2712
8,0.4248,0.2712,0.0596,0.1
9,0.0596,0.1,0.6572,0.1944
10,0.6572,0.1944,0.7752,0.3776
11,0.7752,0.3776,0.8356,0.062
12,0.8356,0.062,0.0012,0.088
1,0.152,0.0012,0.1692,-0.1316
2,0.1692,-0.1316,-0.1628,-0.204
3,-0.1628,-0.204,-0.2112,-0.2332
4,-0.2112,-0.2332,-0.2292,-0.2648
5,-0.2292,-0.2648,0.154,-0.1628
6,0.154,-0.1628,0.194,-0.1956
7,0.194,-0.1956,0.3092,-0.0188
8,0.3092,-0.0188,0.398,0.0372
9,0.398,0.0372,0.0708,-0.0664
10,0.0708,-0.0664,0.0248,0.13
1,-0.0688,0.2876,-0.0836,0.322
2,-0.0836,0.322,0.0228,0.2616
3,0.0228,0.2616,-0.8772,0.3816
4,-0.8772,0.3816,0.068,0.2164
5,0.068,0.2164,0.09,-0.0432
6,0.09,-0.0432,0.2912,0.154
7,0.2912,0.154,0.4632,0.3272
8,0.4632,0.3272,-0.0052,0.2432
1,0.2452,0.0296,0.164,-0.1792
2,0.164,-0.1792,0.276,0.4552
3,0.276,0.4552,-0.102,-0.594
4,-0.102,-0.594,0.2364,0.026
5,0.2364,0.026,0.4612,0.2528
6,0.4612,0.2528,0.5292,0.2416
7,0.5292,0.2416,0.2112,-0.0888
8,0.2112,-0.0888,0.1416,-0.076
1,0.0212,0.176,0.17,0.0344
2,0.17,0.0344,0.0004,-0.0804
3,0.0004,-0.0804,0.1356,0.1788
4,0.1356,0.1788,0.0356,0.0808
5,0.0356,0.0808,0.0644,-0.0132
6,0.0644,-0.0132,0.0524,-0.0208
7,0.0524,-0.0208,0.3316,0.0892
8,0.3316,0.0892,0.2228,0.2184
1,0.2952,0.178,-0.5272,0.1448
2,-0.5272,0.1448,-0.6676,0.1676
3,-0.6676,0.1676,0.2524,0.2796
4,0.2524,0.2796,0.228,0.3052
5,0.228,0.3052,0.5456,0.0768
6,0.5456,0.0768,0.4604,0.0716
7,0.4604,0.0716,0.4468,0.258
8,0.4468,0.258,-0.066,0.1476
9,-0.066,0.1476,-0.216,0.1336
10,-0.216,0.1336,0.2384,0.1224
11,0.2384,0.1224,0.0288,0.0904
1,0.1252,0.0148,-0.1988,0.1964
2,-0.1988,0.1964,-0.3684,0.2468
3,-0.3684,0.2468,0.0892,0.3456
4,0.0892,0.3456,-0.194,0.2512
5,-0.194,0.2512,-0.112,0.1356
6,-0.112,0.1356,0.1296,0.1328
7,0.1296,0.1328,0.5344,0.2128
8,0.5344,0.2128,0.6356,0.2164
9,0.6356,0.2164,0.0904,0.0904
10,0.0904,0.0904,-0.2848,0.1584
1,0.3032,0.1768,0.3604,0.166
2,0.3604,0.166,-0.3828,-0.0156
3,-0.3828,-0.0156,-0.4376,-0.034
4,-0.4376,-0.034,-0.4608,-0.0496
5,-0.4608,-0.0496,0.4076,0.1772
6,0.4076,0.1772,0.3944,0.1432
7,0.3944,0.1432,0.5104,0.2348
8,0.5104,0.2348,0.3552,0.19
9,0.3552,0.19,-0.294,0.1232
1,0.466,0.1156,0.4916,0.1648
2,0.4916,0.1648,-0.3392,0.234
3,-0.3392,0.234,-0.302,0.2796
4,-0.302,0.2796,0.4292,0.3412
5,0.4292,0.3412,0.5204,0.35
6,0.5204,0.35,0.522,0.1664
7,0.522,0.1664,-0.0944,-0.1388
8,-0.0944,-0.1388,-0.324,0.1764
9,-0.324,0.1764,0.062,0.0724
1,-0.1316,-0.1444,-0.5264,-0.18
2,-0.5264,-0.18,-0.6548,-0.1492
3,-0.6548,-0.1492,-0.1124,-0.24
4,-0.1124,-0.24,-0.2496,-0.2324
5,-0.2496,-0.2324,-0.0348,-0.3092
6,-0.0348,-0.3092,-0.3276,-0.2736
7,-0.3276,-0.2736,0.0368,-0.2228
8,0.0368,-0.2228,-0.248,-0.0064
9,-0.248,-0.0064,-0.578,-0.108
1,-0.276,0.0528,-0.386,0.1332
2,-0.386,0.1332,-0.3444,0.0992
3,-0.3444,0.0992,0.018,0.0616
4,0.018,0.0616,-0.4016,0.1252
5,-0.4016,0.1252,0.13,-0.0016
6,0.13,-0.0016,-0.2212,0.0484
7,-0.2212,0.0484,-0.3184,0.0816
8,-0.3184,0.0816,0,0.0156
1,-0.2996,-0.2744,0.3868,-0.2984
2,0.3868,-0.2984,0.4224,-0.258
3,0.4224,-0.258,-0.4208,0.2336
4,-0.4208,0.2336,-0.2752,-0.0252
5,-0.2752,-0.0252,0.4672,-0.1544
6,0.4672,-0.1544,0.4288,-0.1716
7,0.4288,-0.1716,-0.3484,-0.2008
8,-0.3484,-0.2008,-0.4152,0.072
9,-0.4152,0.072,-0.4896,0.4392
1,0.3408,0.154,0.4304,0.1648
2,0.4304,0.1648,0.1428,0.3156
3,0.1428,0.3156,0.0092,0.3752
4,0.0092,0.3752,-0.488,0.0688
5,-0.488,0.0688,-0.6376,0.0948
6,-0.6376,0.0948,0.2576,0.1648
7,0.2576,0.1648,0.3908,0.1804
8,0.3908,0.1804,0.424,0.172
9,0.424,0.172,-0.1836,0.094
1,-0.2348,0.106,-0.4512,-0.1488
2,-0.4512,-0.1488,-0.3964,0.3972
3,-0.3964,0.3972,-0.3412,0.4652
4,-0.3412,0.4652,-0.4304,0.0912
5,-0.4304,0.0912,-0.1096,0.1444
6,-0.1096,0.1444,-0.336,0.0732
7,-0.336,0.0732,-0.3764,0.3924
8,-0.3764,0.3924,-0.0604,0.2492
9,-0.0604,0.2492,-0.3436,-0.1556
10,-0.3436,-0.1556,-0.5516,0.1576
1,0.1688,-0.0428,0.3984,0.14
2,0.3984,0.14,0.504,0.1884
3,0.504,0.1884,0.0212,-0.0044
4,0.0212,-0.0044,-0.5136,0.1704
5,-0.5136,0.1704,-0.5432,0.2924
6,-0.5432,0.2924,0.168,-0.0052
7,0.168,-0.0052,0.1428,-0.142
8,0.1428,-0.142,0.4284,-0.0128
9,0.4284,-0.0128,0.516,0.2484
10,0.516,0.2484,0.1724,-0.1112
1,0.084,-0.1308,0.196,0.066
2,0.196,0.066,-0.078,0.3456
3,-0.078,0.3456,-0.4408,0.3724
4,-0.4408,0.3724,-0.514,0.3748
5,-0.514,0.3748,0.0768,-0.2752
6,0.0768,-0.2752,0.174,-0.3028
7,0.174,-0.3028,0.2336,-0.2804
8,0.2336,-0.2804,0.124,-0.3008
9,0.124,-0.3008,-0.0368,-0.0396
10,-0.0368,-0.0396,0.2688,0.0712
11,0.2688,0.0712,0.468,0.1404
12,0.468,0.1404,-0.0032,0.1884
1,0.4132,-0.098,0.5848,-0.1284
2,0.5848,-0.1284,0.3668,0.458
3,0.3668,0.458,0.382,0.5248
4,0.382,0.5248,-0.7272,0.2676
5,-0.7272,0.2676,0.5108,-0.24
6,0.5108,-0.24,0.5632,-0.2096
7,0.5632,-0.2096,0.4808,-0.1616
8,0.4808,-0.1616,0.3976,-0.1276
9,0.3976,-0.1276,0.1056,0.066
1,0.3196,0.0372,0.7048,-0.1008
2,0.7048,-0.1008,0.4664,-0.0968
3,0.4664,-0.0968,0.2444,-0.0424
4,0.2444,-0.0424,0.1524,-0.02
5,0.1524,-0.02,0.1296,-0.0096
6,0.1296,-0.0096,0.2564,-0.0256
7,0.2564,-0.0256,0.3372,-0.0372
8,0.3372,-0.0372,0.446,-0.0552
9,0.446,-0.0552,0.6628,-0.0208
10,0.6628,-0.0208,0.72,-0.0448
11,0.72,-0.0448,0.8592,-0.082
12,0.8592,-0.082,-0.0156,0.0424
1,0.4176,0.0824,0.618,0.0468
2,0.618,0.0468,0.4136,-0.0028
3,0.4136,-0.0028,0.3332,0.0116
4,0.3332,0.0116,0.2488,0.0112
5,0.2488,0.0112,0.1796,0.0216
6,0.1796,0.0216,0.2456,0.0284
7,0.2456,0.0284,0.3604,0.0292
8,0.3604,0.0292,0.454,0.0016
9,0.454,0.0016,0.5324,0.0016
10,0.5324,0.0016,0.7792,0.036
11,0.7792,0.036,-0.494,-0.0084
12,-0.494,-0.0084,-0.6712,-0.0076
1,0.498,0.0676,0.5608,0.0536
2,0.5608,0.0536,0.5688,-0.0204
3,0.5688,-0.0204,0.5296,0.06
4,0.5296,0.06,0.6356,0.0816
5,0.6356,0.0816,0.6516,0.0888
6,0.6516,0.0888,0.3644,0.1084
7,0.3644,0.1084,0.6544,0.1024
8,0.6544,0.1024,-0.4216,0.0584
9,-0.4216,0.0584,0.3488,0.0988
1,-0.1432,0.0252,0.0232,0.0628
2,0.0232,0.0628,0.0156,0.1348
3,0.0156,0.1348,0.2756,0.0804
4,0.2756,0.0804,0.022,0.0352
5,0.022,0.0352,-0.064,0.0016
6,-0.064,0.0016,-0.36,0.09
7,-0.36,0.09,-0.13,0.0792
8,-0.13,0.0792,0.03,0.0548
1,0.1124,-0.32,0.2168,-0.4072
2,0.2168,-0.4072,0.2032,0.3368
3,0.2032,0.3368,-0.2396,0.5664
4,-0.2396,0.5664,-0.3892,0.5336
5,-0.3892,0.5336,-0.1164,0.2396
6,-0.1164,0.2396,0.0932,-0.278
7,0.0932,-0.278,0.27,-0.3144
8,0.27,-0.3144,0.5972,0.5732
9,0.5972,0.5732,0.1516,0.0432
10,0.1516,0.0432,0.1616,-0.2516
1,0.1396,0.046,-0.0272,0.19
2,-0.0272,0.19,-0.0604,0.3236
3,-0.0604,0.3236,0.186,-0.0772
4,0.186,-0.0772,0.23,-0.0892
5,0.23,-0.0892,0.0644,0.02
6,0.0644,0.02,0.2268,-0.0712
7,0.2268,-0.0712,0.1996,-0.0916
8,0.1996,-0.0916,-0.6068,0.3264
9,-0.6068,0.3264,-0.7184,0.4232
10,-0.7184,0.4232,0.0312,0.1944
1,0.618,-0.0952,-0.144,0.0328
2,-0.144,0.0328,0.0892,0.0536
3,0.0892,0.0536,0.3328,0.0496
4,0.3328,0.0496,-0.114,0.0684
5,-0.114,0.0684,-0.524,0.242
6,-0.524,0.242,0.3872,0.0032
7,0.3872,0.0032,0.6404,-0.0196
8,0.6404,-0.0196,-0.2708,0.0364
9,-0.2708,0.0364,-0.1688,0.0292
1,-0.0312,0.0264,-0.0328,0.1044
2,-0.0328,0.1044,-0.4168,0.0024
3,-0.4168,0.0024,-0.3664,-0.0028
4,-0.3664,-0.0028,0.5716,0.0124
5,0.5716,0.0124,0.8644,0.0764
6,0.8644,0.0764,-0.2848,-0.1444
7,-0.2848,-0.1444,-0.4316,-0.1592
8,-0.4316,-0.1592,-0.4084,0.1032
9,-0.4084,0.1032,-0.3896,0.016
1,-0.096,-0.1328,-0.276,-0.4544
2,-0.276,-0.4544,-0.3256,-0.4584
3,-0.3256,-0.4584,-0.2028,-0.2724
4,-0.2028,-0.2724,-0.1272,-0.17
5,-0.1272,-0.17,-0.3056,-0.4376
6,-0.3056,-0.4376,-0.154,-0.2092
7,-0.154,-0.2092,-0.0688,-0.1116
8,-0.0688,-0.1116,-0.3208,-0.538
9,-0.3208,-0.538,-0.0604,0.0148
1,-0.1916,0.3092,-0.1604,0.4356
2,-0.1604,0.4356,-0.3736,0.4368
3,-0.3736,0.4368,0.0576,0.424
4,0.0576,0.424,0.4048,0.196
5,0.4048,0.196,-0.2644,0.3492
6,-0.2644,0.3492,-0.4304,0.0436
7,-0.4304,0.0436,0.1752,0.022
8,0.1752,0.022,0.1204,0.242
9,0.1204,0.242,-0.0164,0.2996
1,0.034,-0.0956,0.0012,-0.174
2,0.0012,-0.174,-0.2492,-0.0512
3,-0.2492,-0.0512,-0.644,0.044
4,-0.644,0.044,-0.754,-0.0312
5,-0.754,-0.0312,-0.6488,0.0552
6,-0.6488,0.0552,-0.0512,0.0124
7,-0.0512,0.0124,0.0192,-0.0048
8,0.0192,-0.0048,-0.0032,-0.1284
9,-0.0032,-0.1284,0.0168,0.0212
1,0.0432,0.0052,-0.1272,-0.1288
2,-0.1272,-0.1288,-0.1604,-0.1388
3,-0.1604,-0.1388,-0.136,-0.1676
4,-0.136,-0.1676,0.3548,-0.1772
5,0.3548,-0.1772,-0.1076,-0.1028
6,-0.1076,-0.1028,-0.0476,0.0312
7,-0.0476,0.0312,0.0552,0.0312
8,0.0552,0.0312,0.4092,-0.1932
9,0.4092,-0.1932,-0.3944,-0.2884
10,-0.3944,-0.2884,-0.0936,-0.0696
1,-0.3456,0.082,-0.5084,0.106
2,-0.5084,0.106,-0.0348,0.3196
3,-0.0348,0.3196,0.1312,0.3832
4,0.1312,0.3832,0.4364,0.4256
5,0.4364,0.4256,0.5196,0.4944
6,0.5196,0.4944,-0.3316,0.1916
7,-0.3316,0.1916,-0.5372,0.0164
8,-0.5372,0.0164,-0.574,-0.0748
1,0.0236,0.0164,-0.4884,-0.0532
2,-0.4884,-0.0532,0.1416,0.048
3,0.1416,0.048,0.1356,-0.0756
4,0.1356,-0.0756,0.1576,0.154
5,0.1576,0.154,0.0728,0.1312
6,0.0728,0.1312,-0.454,-0.0612
7,-0.454,-0.0612,-0.0012,-0.0712
8,-0.0012,-0.0712,0.0988,0.0744
1,0.14,0.142,-0.4348,0.1368
2,-0.4348,0.1368,-0.5116,0.1596
3,-0.5116,0.1596,-0.4188,0.17
4,-0.4188,0.17,0.2788,0.1628
5,0.2788,0.1628,-0.0656,0.176
6,-0.0656,0.176,-0.354,0.166
7,-0.354,0.166,0.1608,0.1236
8,0.1608,0.1236,-0.0164,0.1276
1,0.53,-0.3612,-0.3236,0.2612
2,-0.3236,0.2612,-0.3116,0.2536
3,-0.3116,0.2536,0.4764,-0.2288
4,0.4764,-0.2288,-0.3764,0.2384
5,-0.3764,0.2384,-0.3008,0.2216
1,-0.102,-0.1412,-0.0504,-0.2724
2,-0.0504,-0.2724,-0.0044,0.0052
3,-0.0044,0.0052,-0.0444,-0.3332
4,-0.0444,-0.3332,0.0292,0.0628
5,0.0292,0.0628,0.1064,0.1892
6,0.1064,0.1892,-0.0496,0.288
7,-0.0496,0.288,-0.0376,-0.2616
8,-0.0376,-0.2616,0.132,0.0996
9,0.132,0.0996,0.1484,0.1808
1,-0.1024,0.1696,-0.194,0.1724
2,-0.194,0.1724,-0.2724,0.17
3,-0.2724,0.17,0.2096,0.2052
4,0.2096,0.2052,-0.2168,0.184
5,-0.2168,0.184,0.206,0.2188
6,0.206,0.2188,0.3776,0.2412
7,0.3776,0.2412,-0.498,0.0488
8,-0.498,0.0488,-0.6756,-0.118
9,-0.6756,-0.118,-0.1584,0.2124
10,-0.1584,0.2124,0.2864,0.1392
1,0.1292,0.1584,0.1832,0.112
2,0.1832,0.112,0.2092,0.1964
3,0.2092,0.1964,0.0392,0.1612
4,0.0392,0.1612,0.482,0.1524
5,0.482,0.1524,0.2388,0.1716
6,0.2388,0.1716,0.1668,0.1608
7,0.1668,0.1608,-0.2848,0.1468
8,-0.2848,0.1468,0.106,0.1512
1,0.0224,0.15,0.1304,0.4092
2,0.1304,0.4092,0.1044,0.4008
3,0.1044,0.4008,0.068,0.4008
4,0.068,0.4008,0.118,0.4028
5,0.118,0.4028,0.3424,-0.0244
6,0.3424,-0.0244,0.4512,0.1924
7,0.4512,0.1924,0.4788,0.45
8,0.4788,0.45,0.6692,0.4576
9,0.6692,0.4576,-0.2332,0.0464
1,-0.1488,0.1252,0.4772,0.0476
2,0.4772,0.0476,0.3996,0.1808
3,0.3996,0.1808,-0.252,0.3864
4,-0.252,0.3864,-0.2036,0.4292
5,-0.2036,0.4292,-0.5464,0.052
6,-0.5464,0.052,0.1392,-0.0956
7,0.1392,-0.0956,0.3676,-0.076
8,0.3676,-0.076,-0.0848,0.0352
9,-0.0848,0.0352,-0.1668,0.162
1,0.0876,-0.3448,0.4128,-0.0532
2,0.4128,-0.0532,-0.1848,0.0296
3,-0.1848,0.0296,0.4368,0.0028
4,0.4368,0.0028,0.4724,-0.056
5,0.4724,-0.056,0.0804,-0.338
6,0.0804,-0.338,0.062,-0.3664
7,0.062,-0.3664,-0.1956,-0.0444
8,-0.1956,-0.0444,0.0196,-0.266
9,0.0196,-0.266,0.056,-0.3564
1,0.012,-0.0584,0.0368,0.0264
2,0.0368,0.0264,0.0284,-0.1332
3,0.0284,-0.1332,0.0604,0.0388
4,0.0604,0.0388,0.2024,0.138
5,0.2024,0.138,0.138,0.1184
6,0.138,0.1184,0.222,0.1644
7,0.222,0.1644,-0.6876,-0.0392
8,-0.6876,-0.0392,-0.7964,0.0156
9,-0.7964,0.0156,-0.5524,-0.0276
10,-0.5524,-0.0276,0.0112,-0.1116
1,0.1488,0.0972,-0.4428,-0.0344
2,-0.4428,-0.0344,-0.5968,-0.0664
3,-0.5968,-0.0664,0.7736,0.36
4,0.7736,0.36,0.824,0.3644
5,0.824,0.3644,0.7432,0.35
6,0.7432,0.35,0.7916,0.3844
7,0.7916,0.3844,0.8128,0.4332
8,0.8128,0.4332,0.7448,0.3532
9,0.7448,0.3532,0.0184,0.0784
1,0.0976,-0.0664,0.1924,-0.02
2,0.1924,-0.02,0.3764,0.0992
3,0.3764,0.0992,-0.0156,0.1716
4,-0.0156,0.1716,-0.088,0.174
5,-0.088,0.174,-0.1324,0.0028
6,-0.1324,0.0028,-0.0636,0.258
7,-0.0636,0.258,-0.0916,0.2404
8,-0.0916,0.2404,0.282,0.2132
9,0.282,0.2132,0.4752,0.2096
10,0.4752,0.2096,-0.0028,0.0308
1,0.106,0.0468,0.1156,-0.0028
2,0.1156,-0.0028,-0.6144,0.0028
3,-0.6144,0.0028,-0.7292,0.0088
4,-0.7292,0.0088,-0.1556,0.2692
5,-0.1556,0.2692,-0.1908,0.2872
6,-0.1908,0.2872,0.0968,0.0256
7,0.0968,0.0256,0.1144,-0.0324
8,0.1144,-0.0324,0.8112,-0.0356
9,0.8112,-0.0356,0.6304,-0.044
10,0.6304,-0.044,0.7068,-0.0052
11,0.7068,-0.0052,-0.3892,-0.0684
12,-0.3892,-0.0684,-0.7348,-0.0876
1,0.1388,-0.0288,0.434,-0.1556
2,0.434,-0.1556,0.6244,-0.1152
3,0.6244,-0.1152,0.6692,-0.086
4,0.6692,-0.086,-0.4168,0.1584
5,-0.4168,0.1584,-0.4064,0.2508
6,-0.4064,0.2508,0.4488,0.1228
7,0.4488,0.1228,0.5608,-0.1064
8,0.5608,-0.1064,0.3632,-0.1224
9,0.3632,-0.1224,-0.122,-0.0488
10,-0.122,-0.0488,0.0756,-0.0076
1,0.0344,-0.0068,0.0484,-0.0644
2,0.0484,-0.0644,-0.2732,0.01
3,-0.2732,0.01,0.0648,-0.0268
4,0.0648,-0.0268,0.0408,-0.0392
1,0.078,0.1204,0.6056,0.0848
2,0.6056,0.0848,0.7408,0.092
3,0.7408,0.092,-0.1748,-0.432
4,-0.1748,-0.432,0.3412,-0.1508
5,0.3412,-0.1508,0.6592,0.0684
6,0.6592,0.0684,0.7276,0.1768
7,0.7276,0.1768,0.2172,0.0972
8,0.2172,0.0972,0.1104,0.1208
1,-0.0244,-0.1108,-0.1176,-0.1236
2,-0.1176,-0.1236,-0.0452,0.1452
3,-0.0452,0.1452,-0.0552,0.2124
4,-0.0552,0.2124,0.024,0.2004
5,0.024,0.2004,-0.0768,0.2184
6,-0.0768,0.2184,0.0196,0.2
7,0.0196,0.2,0.1496,0.0556
8,0.1496,0.0556,0.2204,-0.1596
9,0.2204,-0.1596,0.21,-0.1444
10,0.21,-0.1444,-0.1008,-0.0656
11,-0.1008,-0.0656,-0.1492,-0.0528
1,0.0892,0.1592,-0.168,0.132
2,-0.168,0.132,0.5884,0.2784
3,0.5884,0.2784,0.5928,0.322
4,0.5928,0.322,0.7264,0.3484
5,0.7264,0.3484,0.764,0.3664
6,0.764,0.3664,0.498,-0.0548
7,0.498,-0.0548,0.1024,-0.0648
8,0.1024,-0.0648,-0.3852,0.11
9,-0.3852,0.11,-0.468,0.1988
10,-0.468,0.1988,0.6184,0.3148
11,0.6184,0.3148,0.7456,0.3592
1,-0.37,-0.006,-0.482,0
2,-0.482,0,-0.5624,-0.028
3,-0.5624,-0.028,-0.4764,0.002
4,-0.4764,0.002,-0.5148,-0.0264
5,-0.5148,-0.0264,-0.5712,-0.0336
6,-0.5712,-0.0336,-0.468,-0.004
7,-0.468,-0.004,0.7568,0.0296
8,0.7568,0.0296,0.7028,-0.1576
9,0.7028,-0.1576,0.1628,-0.0036
10,0.1628,-0.0036,-0.3968,0.036
1,0.0824,0.0224,-0.058,0.0596
2,-0.058,0.0596,0.0824,0.0512
3,0.0824,0.0512,-0.0764,0.0848
4,-0.0764,0.0848,0.0184,0.072
5,0.0184,0.072,0.1168,0.0656
6,0.1168,0.0656,0.706,0.2992
7,0.706,0.2992,0.8472,0.4488
8,0.8472,0.4488,-0.0636,-0.0036
9,-0.0636,-0.0036,-0.0968,0.0432
10,-0.0968,0.0432,-0.0448,-0.1404
1,-0.2516,0.1284,-0.5136,0.1012
2,-0.5136,0.1012,0.3968,-0.0528
3,0.3968,-0.0528,0.134,-0.0388
4,0.134,-0.0388,-0.4896,0.116
5,-0.4896,0.116,-0.5432,0.1212
6,-0.5432,0.1212,0.31,0.082
7,0.31,0.082,0.4436,-0.0604
8,0.4436,-0.0604,0.4252,-0.1276
9,0.4252,-0.1276,-0.1936,0.1428
10,-0.1936,0.1428,-0.5044,0.0532
1,0.092,0.1816,0.0864,0.254
2,0.0864,0.254,0.308,0.3332
3,0.308,0.3332,0.2332,0.2308
4,0.2332,0.2308,0.3912,0.3408
5,0.3912,0.3408,0.4524,0.3836
6,0.4524,0.3836,-0.1812,0.3368
7,-0.1812,0.3368,0.0296,0.2564
8,0.0296,0.2564,0.054,0.1584
9,0.054,0.1584,0.0732,0.2256
1,-0.088,0.06,-0.3144,0.2336
2,-0.3144,0.2336,0.3152,0.1952
3,0.3152,0.1952,0.6768,0.1312
4,0.6768,0.1312,0.364,0.1052
5,0.364,0.1052,-0.53,0.2772
6,-0.53,0.2772,-0.3752,0.1704
7,-0.3752,0.1704,-0.4108,0.0244
8,-0.4108,0.0244,0.5692,0.1392
9,0.5692,0.1392,-0.3508,0.0792
1,0.0992,-0.0512,-0.214,0.322
2,-0.214,0.322,0.108,-0.0088
3,0.108,-0.0088,0.1464,-0.0756
4,0.1464,-0.0756,0.3408,0.088
5,0.3408,0.088,0.1656,-0.0164
6,0.1656,-0.0164,0.3912,0.3428
7,0.3912,0.3428,0.4508,0.482
8,0.4508,0.482,-0.4052,0.4296
9,-0.4052,0.4296,-0.6964,0.2128
10,-0.6964,0.2128,0.1084,-0.0828
1,0.1128,0.1332,-0.1416,-0.1992
2,-0.1416,-0.1992,0.1728,0.014
3,0.1728,0.014,0.0988,0.1192
4,0.0988,0.1192,0.018,0.182
5,0.018,0.182,0.0436,0.3992
6,0.0436,0.3992,-0.1336,-0.298
7,-0.1336,-0.298,-0.1032,-0.3368
8,-0.1032,-0.3368,0.1596,0.026
9,0.1596,0.026,0.1652,0.002
1,0.1236,0.094,0.086,0.136
2,0.086,0.136,0.1336,0.1748
3,0.1336,0.1748,0.0832,0.1684
4,0.0832,0.1684,0.5148,0.3296
5,0.5148,0.3296,0.6004,-0.4272
6,0.6004,-0.4272,0.6716,-0.4024
7,0.6716,-0.4024,-0.5332,-0.0872
8,-0.5332,-0.0872,-0.6772,-0.0348
1,0.1372,0.102,0.0508,0.1428
2,0.0508,0.1428,0.1056,0.1356
3,0.1056,0.1356,0.1476,0.1144
4,0.1476,0.1144,0.3856,0.154
1,-0.134,0.0916,-0.2088,0.058
2,-0.2088,0.058,-0.2828,-0.1084
3,-0.2828,-0.1084,-0.2376,0.0372
4,-0.2376,0.0372,-0.3796,0.0292
5,-0.3796,0.0292,-0.124,0.0036
6,-0.124,0.0036,0.3856,-0.1456
7,0.3856,-0.1456,0.6648,-0.2352
8,0.6648,-0.2352,-0.14,-0.0872
9,-0.14,-0.0872,-0.1724,0.0296
1,0.276,-0.1516,-0.6276,-0.3456
2,-0.6276,-0.3456,-0.6052,-0.4456
3,-0.6052,-0.4456,-0.12,0.056
4,-0.12,0.056,0.4036,0.1596
5,0.4036,0.1596,0.4876,0.2684
6,0.4876,0.2684,0.356,-0.2708
7,0.356,-0.2708,-0.5512,-0.2192
8,-0.5512,-0.2192,-0.612,0.034
9,-0.612,0.034,-0.7256,0.0704
10,-0.7256,0.0704,0.0528,0.1112
11,0.0528,0.1112,-0.0416,0.1272
1,0.518,0.1648,0.5688,0.128
2,0.5688,0.128,0.48,0.1256
3,0.48,0.1256,0.5716,0.316
4,0.5716,0.316,-0.316,-0.0804
5,-0.316,-0.0804,-0.292,-0.1096
6,-0.292,-0.1096,0.4816,0.0876
7,0.4816,0.0876,0.5124,0.13
8,0.5124,0.13,0.3752,0.2952
9,0.3752,0.2952,-0.1016,0.33
10,-0.1016,0.33,0.0396,0.1224
1,-0.6332,0.0616,-0.6832,-0.0708
2,-0.6832,-0.0708,0.1048,0.046
3,0.1048,0.046,0.1996,0.108
4,0.1996,0.108,0.0148,-0.4624
5,0.0148,-0.4624,-0.5564,-0.1388
6,-0.5564,-0.1388,0.1248,-0.038
1,0.1536,-0.374,0.3936,-0.478
2,0.3936,-0.478,0.3992,-0.574
3,0.3992,-0.574,0.3892,-0.4848
4,0.3892,-0.4848,0.3028,-0.2924
5,0.3028,-0.2924,0.3572,-0.486
1,0.0712,-0.0184,0.2796,-0.0272
2,0.2796,-0.0272,-0.3612,0.3328
3,-0.3612,0.3328,-0.7936,0.3612
4,-0.7936,0.3612,-0.0188,0.2564
5,-0.0188,0.2564,-0.0232,0.1364
6,-0.0232,0.1364,-0.0204,0.076
1,0.1896,-0.0356,0.1848,0.0356
2,0.1848,0.0356,0.3524,-0.0192
3,0.3524,-0.0192,-0.7272,-0.1936
4,-0.7272,-0.1936,-0.7392,-0.4716
5,-0.7392,-0.4716,-0.7432,-0.5448
6,-0.7432,-0.5448,-0.2024,-0.5836
1,-0.0536,-0.2148,0.2824,0.1256
2,0.2824,0.1256,0.3464,0.2308
3,0.3464,0.2308,0.6248,0.2816
4,0.6248,0.2816,0.324,0.2612
5,0.324,0.2612,-0.0712,-0.072
6,-0.0712,-0.072,-0.0784,-0.218
7,-0.0784,-0.218,-0.1524,-0.2016
1,-0.1612,-0.0472,-0.106,-0.1136
2,-0.106,-0.1136,0.164,-0.08
3,0.164,-0.08,0.4748,0.0568
4,0.4748,0.0568,0.6684,-0.1224
5,0.6684,-0.1224,-0.0812,0.02
6,-0.0812,0.02,-0.1684,-0.2124
7,-0.1684,-0.2124,0.1088,-0.0644
1,0.0672,-0.0972,0.2092,-0.1184
2,0.2092,-0.1184,0.7312,-0.0264
3,0.7312,-0.0264,-0.1736,-0.0108
4,-0.1736,-0.0108,-0.3908,-0.1224
5,-0.3908,-0.1224,-0.2804,-0.1848
6,-0.2804,-0.1848,-0.05,0.194
1,0.2188,-0.036,-0.1316,0.098
2,-0.1316,0.098,0.1148,0.1048
3,0.1148,0.1048,0.0444,0.0728
1,-0.2196,0.0164,-0.4044,0.2924
2,-0.4044,0.2924,0.4296,0.0904
3,0.4296,0.0904,0.5072,0.1868
4,0.5072,0.1868,-0.3,0.1132
5,-0.3,0.1132,-0.258,0.0684
1,-0.0232,0.212,0.5032,-0.182
2,0.5032,-0.182,0.7608,-0.0636
3,0.7608,-0.0636,0.7616,0.1832
4,0.7616,0.1832,0.7828,0.4852
5,0.7828,0.4852,0.0356,0.4244
6,0.0356,0.4244,0.0588,0.1392
7,0.0588,0.1392,0.1212,0.1696
1,0.4204,-0.0996,0.4044,-0.1332
2,0.4044,-0.1332,-0.6176,0.1216
3,-0.6176,0.1216,0.2884,-0.0252
4,0.2884,-0.0252,-0.042,-0.0176
1,0.0228,-0.0408,-0.07,-0.1444
2,-0.07,-0.1444,-0.1416,0.0852
3,-0.1416,0.0852,0.004,0.0172
4,0.004,0.0172,0.1008,-0.1364
5,0.1008,-0.1364,0.0384,-0.09
6,0.0384,-0.09,0.0768,-0.0492
7,0.0768,-0.0492,0.0208,-0.044
1,0.136,0.1048,0.1972,0.0072
2,0.1972,0.0072,0.1628,0.1516
1,0.0444,-0.1356,0.014,-0.1564
2,0.014,-0.1564,0.2092,-0.3188
3,0.2092,-0.3188,-0.0288,-0.2064
1,-0.1548,-0.288,-0.2704,-0.3136
2,-0.2704,-0.3136,-0.3164,-0.3484
3,-0.3164,-0.3484,-0.3376,-0.3404
4,-0.3376,-0.3404,0.15,-0.2012
5,0.15,-0.2012,-0.2888,-0.2304
6,-0.2888,-0.2304,-0.008,-0.0068
1,0.0936,0.1244,0.1228,-0.1308
2,0.1228,-0.1308,0.0552,-0.0256
3,0.0552,-0.0256,0.0092,0.0056
4,0.0092,0.0056,0.0548,0.0256
5,0.0548,0.0256,0.01,0.0076
1,-0.346,-0.1892,-0.4296,-0.2628
2,-0.4296,-0.2628,0.5424,-0.2328
3,0.5424,-0.2328,0.5044,-0.1996
4,0.5044,-0.1996,-0.3648,-0.2016
5,-0.3648,-0.2016,-0.4404,-0.2172
1,0.3432,-0.278,-0.0552,-0.1064
2,-0.0552,-0.1064,0.0788,-0.1032
3,0.0788,-0.1032,0.0612,-0.1104
4,0.0612,-0.1104,0.2964,-0.264
5,0.2964,-0.264,0.4252,-0.4024
6,0.4252,-0.4024,0.4476,-0.4496
1,0.1352,0.2716,0.0008,-0.4012
2,0.0008,-0.4012,0.7472,-0.3176
3,0.7472,-0.3176,0.648,-0.0452
4,0.648,-0.0452,0.2656,-0.1816
5,0.2656,-0.1816,0.2336,-0.0388
6,0.2336,-0.0388,0.14,0.172
7,0.14,0.172,0.0396,-0.2824
1,0.626,-0.2996,0.7188,-0.476
2,0.7188,-0.476,0.724,-0.4276
3,0.724,-0.4276,0.0424,0.0208
4,0.0424,0.0208,-0.2656,0.1744
5,-0.2656,0.1744,-0.0036,0.0388
6,-0.0036,0.0388,0.0272,-0.1016
1,-0.3488,-0.0996,-0.5116,-0.3552
2,-0.5116,-0.3552,-0.6216,-0.4448
3,-0.6216,-0.4448,-0.6016,-0.3808
4,-0.6016,-0.3808,-0.5096,-0.2668
5,-0.5096,-0.2668,-0.4192,-0.3732
6,-0.4192,-0.3732,-0.3904,-0.2664
7,-0.3904,-0.2664,-0.3148,-0.22
1,0.6296,-0.3168,0.2452,-0.1696
2,0.2452,-0.1696,-0.3716,0.0908
3,-0.3716,0.0908,-0.4952,0.072
4,-0.4952,0.072,-0.036,0.1288
1,-0.0448,-0.0772,0.338,-0.1632
2,0.338,-0.1632,0.3584,-0.3276
3,0.3584,-0.3276,0.4444,-0.3564
4,0.4444,-0.3564,0.4224,-0.2876
5,0.4224,-0.2876,-0.0428,-0.1944
6,-0.0428,-0.1944,-0.4128,-0.1712
7,-0.4128,-0.1712,-0.0568,0.0136
1,-0.1112,-0.246,-0.0892,-0.286
2,-0.0892,-0.286,-0.2112,-0.1976
3,-0.2112,-0.1976,-0.1588,-0.1108
1,-0.2056,-0.0912,-0.2708,-0.148
2,-0.2708,-0.148,-0.2236,-0.1592
3,-0.2236,-0.1592,0.2908,-0.0512
1,0.202,-0.1932,0.1776,-0.1348
2,0.1776,-0.1348,0.2164,0.0812
3,0.2164,0.0812,0.22,0.1964
4,0.22,0.1964,0.2724,-0.0304
1,0.326,-0.072,0.1988,-0.0488
2,0.1988,-0.0488,0.4324,-0.1308
3,0.4324,-0.1308,0.6368,-0.2036
4,0.6368,-0.2036,0.578,-0.1812
5,0.578,-0.1812,0.2864,0.168
6,0.2864,0.168,0.3588,-0.2588
7,0.3588,-0.2588,0.1684,-0.0732
8,0.1684,-0.0732,0.0628,-0.0404
1,0.1188,-0.1644,0.156,-0.3288
2,0.156,-0.3288,0.0356,-0.2908
3,0.0356,-0.2908,-0.0124,-0.29
4,-0.0124,-0.29,0.2368,-0.4352
5,0.2368,-0.4352,0.2392,-0.1612
6,0.2392,-0.1612,-0.0108,-0.0832
7,-0.0108,-0.0832,-0.042,0.0156
8,-0.042,0.0156,-0.0688,-0.0028
9,-0.0688,-0.0028,0.4608,-0.2152
1,-0.1056,0.0488,0.1176,-0.006
2,0.1176,-0.006,-0.0588,0.2712
3,-0.0588,0.2712,-0.0988,0.282
4,-0.0988,0.282,0.1016,-0.0368
5,0.1016,-0.0368,0.4196,-0.0636
6,0.4196,-0.0636,0.5988,-0.0408
7,0.5988,-0.0408,-0.1288,0.0428
1,0.0364,-0.1056,0.062,-0.632
2,0.062,-0.632,0.0972,-0.0964
3,0.0972,-0.0964,0.046,-0.1412
4,0.046,-0.1412,0.0328,-0.2264
5,0.0328,-0.2264,0.4172,-0.2628
6,0.4172,-0.2628,0.106,-0.2868
7,0.106,-0.2868,0.088,-0.2392
1,-0.1116,-0.3204,-0.28,-0.1704
2,-0.28,-0.1704,0.3228,0.0012
3,0.3228,0.0012,0.5796,0.0204
4,0.5796,0.0204,0.662,0.0184
5,0.662,0.0184,0.658,0.1116
6,0.658,0.1116,-0.1108,0.1068
7,-0.1108,0.1068,-0.0692,0.0372
1,0.1044,-0.1864,0.066,-0.1756
2,0.066,-0.1756,-0.0204,-0.0836
3,-0.0204,-0.0836,0.0264,-0.0624
1,-0.108,-0.0748,-0.212,-0.182
2,-0.212,-0.182,-0.2376,-0.2584
3,-0.2376,-0.2584,-0.1,-0.2196
1,-0.5136,0.1316,-0.6524,0.2144
2,-0.6524,0.2144,-0.6064,0.2276
3,-0.6064,0.2276,-0.5128,0.2652
4,-0.5128,0.2652,-0.7788,0.332
5,-0.7788,0.332,-0.7756,0.2844
6,-0.7756,0.2844,-0.462,0.0156
7,-0.462,0.0156,0.1428,-0.0112
8,0.1428,-0.0112,-0.248,-0.0044
9,-0.248,-0.0044,-0.1936,0.0052
1,0.0892,-0.3748,0.0156,-0.3868
2,0.0156,-0.3868,0.3008,-0.4548
3,0.3008,-0.4548,0.2728,-0.4424
4,0.2728,-0.4424,0.0648,-0.3912
5,0.0648,-0.3912,0.0152,-0.0556
6,0.0152,-0.0556,0.0428,-0.3448
1,0.2072,0.07,-0.1508,0.1032
2,-0.1508,0.1032,0.0004,-0.0596
3,0.0004,-0.0596,0.1836,0.084
4,0.1836,0.084,0.0896,0.4028
5,0.0896,0.4028,0.632,0.1368
6,0.632,0.1368,-0.084,0.2268
7,-0.084,0.2268,-0.1244,0.1468
1,0.4552,-0.1492,0.452,-0.2592
2,0.452,-0.2592,-0.2456,-0.5112
3,-0.2456,-0.5112,0.3924,-0.5168
4,0.3924,-0.5168,0.0932,0.3172
5,0.0932,0.3172,-0.1128,-0.2008
1,0.2764,-0.2192,-0.1632,-0.4484
2,-0.1632,-0.4484,-0.4268,-0.2864
3,-0.4268,-0.2864,-0.35,-0.2812
4,-0.35,-0.2812,-0.5468,-0.0936
5,-0.5468,-0.0936,0.172,-0.138
6,0.172,-0.138,0.7228,-0.32
1,-0.0296,-0.0728,-0.1472,-0.0816
2,-0.1472,-0.0816,-0.2016,-0.094
3,-0.2016,-0.094,-0.1072,-0.3052
4,-0.1072,-0.3052,-0.1884,-0.23
5,-0.1884,-0.23,0.0284,-0.1944
6,0.0284,-0.1944,0.2824,-0.2168
7,0.2824,-0.2168,0.0196,-0.2044
8,0.0196,-0.2044,-0.0076,-0.2988
1,0.2972,-0.0344,0.3476,0.0268
2,0.3476,0.0268,0.034,0.064
3,0.034,0.064,0.4548,-0.4184
4,0.4548,-0.4184,0.4172,-0.2444
1,-0.2916,0.2032,-0.5648,0.2172
2,-0.5648,0.2172,-0.0976,0.1912
3,-0.0976,0.1912,0.5388,0.4628
4,0.5388,0.4628,0.0724,0.2024
1,-0.0932,0.0988,-0.1884,0.1048
2,-0.1884,0.1048,-0.23,0.088
3,-0.23,0.088,-0.1608,0.08
4,-0.1608,0.08,-0.2724,0.0868
5,-0.2724,0.0868,-0.1944,0.0976
6,-0.1944,0.0976,-0.2552,0.1104
7,-0.2552,0.1104,-0.2856,0.1088
8,-0.2856,0.1088,-0.1964,0.11
9,-0.1964,0.11,0.6032,-0.0736
1,-0.1284,-0.1516,-0.182,-0.2072
2,-0.182,-0.2072,-0.0732,-0.0952
3,-0.0732,-0.0952,0.2252,0.1976
4,0.2252,0.1976,0.3272,0.2504
5,0.3272,0.2504,-0.1232,0.038
1,-0.2948,0.1224,-0.4612,0.138
2,-0.4612,0.138,-0.2224,0.1024
3,-0.2224,0.1024,0.518,-0.0936
4,0.518,-0.0936,-0.1328,0.0868
1,0.0752,0.0276,-0.3464,-0.0388
2,-0.3464,-0.0388,-0.3604,-0.2664
3,-0.3604,-0.2664,-0.276,-0.418
4,-0.276,-0.418,0.0444,-0.4688
5,0.0444,-0.4688,0.25,-0.508
6,0.25,-0.508,0.3932,-0.4856
7,0.3932,-0.4856,-0.3928,0.1648
8,-0.3928,0.1648,-0.4168,0.21
9,-0.4168,0.21,-0.1204,0.1972
10,-0.1204,0.1972,-0.0236,0.2464
11,-0.0236,0.2464,0.0784,0.2688
12,0.0784,0.2688,-0.41,0.4372
13,-0.41,0.4372,-0.4496,0.4176
3,-0.434,-0.69,-0.5128,-0.6592
4,-0.5128,-0.6592,-0.2992,-0.6032
5,-0.2992,-0.6032,-0.3212,-0.5944
6,-0.3212,-0.5944,0.1888,-0.1704
1,0.0828,-0.0704,0.1696,0.1368
2,0.1696,0.1368,0.2068,0.0228
3,0.2068,0.0228,-0.2928,-0.082
4,-0.2928,-0.082,-0.5196,-0.1304
5,-0.5196,-0.1304,-0.5868,-0.3268
6,-0.5868,-0.3268,-0.6264,-0.3376
7,-0.6264,-0.3376,-0.5968,-0.334
8,-0.5968,-0.334,-0.61,-0.5244
9,-0.61,-0.5244,0.0936,0.1096
1,-0.2144,-0.082,-0.3584,0.046
2,-0.3584,0.046,0.0012,-0.5316
3,0.0012,-0.5316,0.0828,-0.2432
4,0.0828,-0.2432,-0.0132,-0.1448
5,-0.0132,-0.1448,-0.3908,0.0368
6,-0.3908,0.0368,-0.444,-0.048
1,-0.0868,-0.1812,-0.0468,-0.5644
2,-0.0468,-0.5644,-0.2912,-0.4692
3,-0.2912,-0.4692,-0.056,0.1612
4,-0.056,0.1612,0.7564,-0.5172
7,0.3088,-0.0712,-0.1524,-0.1692
1,-0.0572,0.1004,0.4768,0.144
2,0.4768,0.144,-0.614,-0.0224
3,-0.614,-0.0224,-0.414,0.092
4,-0.414,0.092,-0.0504,0.066
5,-0.0504,0.066,-0.8184,0.242
6,-0.8184,0.242,-0.874,0.2496
7,-0.874,0.2496,-0.1484,0.5324
8,-0.1484,0.5324,-0.0452,0.5712
1,0.0696,-0.2088,-0.0572,-0.0532
2,-0.0572,-0.0532,-0.0852,-0.1488
3,-0.0852,-0.1488,-0.1768,0.05
4,-0.1768,0.05,-0.1172,0.0284
5,-0.1172,0.0284,-0.372,0.4244
6,-0.372,0.4244,0.7256,-0.4596
1,-0.206,0.0136,-0.2728,0.0232
2,-0.2728,0.0232,0.4184,0.054
3,0.4184,0.054,0.4608,0.0528
4,0.4608,0.0528,0.1444,-0.0076
4,0.1204,0.0776,-0.0096,0.0356
5,-0.0096,0.0356,0.3332,0.2096
6,0.3332,0.2096,0.5168,-0.156
7,0.5168,-0.156,0.446,0.0208
8,0.446,0.0208,0.0352,-0.0388
1,-0.0856,-0.0564,-0.1,0.1916
2,-0.1,0.1916,0.1388,0.3072
3,0.1388,0.3072,-0.0164,-0.0468
4,-0.0164,-0.0468,-0.0824,0.1156
5,-0.0824,0.1156,-0.1676,-0.0136
6,-0.1676,-0.0136,0.1624,0.2604
1,0.5048,0.1124,0.2536,0.2912
2,0.2536,0.2912,-0.6996,0.1476
3,-0.6996,0.1476,0.0872,0.3208
4,0.0872,0.3208,0.162,0.3668
5,0.162,0.3668,-0.2248,0.6708
6,-0.2248,0.6708,-0.2064,0.1968
1,0.0524,-0.3148,0.102,-0.5372
2,0.102,-0.5372,-0.274,-0.2748
3,-0.274,-0.2748,-0.486,-0.2064
4,-0.486,-0.2064,-0.6832,0.2656
5,-0.6832,0.2656,-0.3936,0.0012
6,-0.3936,0.0012,-0.3824,-0.0436
7,-0.3824,-0.0436,0.0036,-0.308
1,0.0472,-0.1156,0.1356,-0.0832
2,0.1356,-0.0832,0.016,-0.0376
3,0.016,-0.0376,0.1268,0.0152
4,0.1268,0.0152,0.1476,-0.1224
5,0.1476,-0.1224,0.1236,-0.194
1,0.2512,0.1028,-0.1376,0.1208
2,-0.1376,0.1208,-0.2116,0.136
3,-0.2116,0.136,-0.2796,0.14
4,-0.2796,0.14,-0.38,0.1372
5,-0.38,0.1372,0.156,0.3548
6,0.156,0.3548,0.2388,-0.0976
7,0.2388,-0.0976,-0.0392,-0.1448
1,-0.3516,0.1612,0.2908,-0.0684
2,0.2908,-0.0684,0.2888,-0.0908
3,0.2888,-0.0908,0.2536,-0.0772
4,0.2536,-0.0772,0.7368,-0.1428
5,0.7368,-0.1428,-0.0224,0.1816
6,-0.0224,0.1816,0.1872,-0.182
7,0.1872,-0.182,0.0836,-0.136
1,-0.002,-0.3456,-0.3252,-0.288
2,-0.3252,-0.288,-0.422,-0.2228
3,-0.422,-0.2228,0.2036,-0.2804
4,0.2036,-0.2804,-0.1596,-0.2832
5,-0.1596,-0.2832,-0.0496,-0.1284
6,-0.0496,-0.1284,0.0552,-0.2432
1,0.494,-0.4872,0.0672,-0.6568
2,0.0672,-0.6568,0.094,-0.5608
3,0.094,-0.5608,0.084,-0.5212
4,0.084,-0.5212,0.1184,-0.4188
5,0.1184,-0.4188,0.0092,-0.2096
6,0.0092,-0.2096,0.0832,-0.0688
7,0.0832,-0.0688,-0.0192,-0.0324
1,-0.0088,0.442,0.0508,0.3612
2,0.0508,0.3612,-0.2888,0.5532
3,-0.2888,0.5532,-0.0444,0.4164
1,0.1024,0.0764,0.068,0.2568
2,0.068,0.2568,-0.0484,0.0968
3,-0.0484,0.0968,-0.0464,-0.0296
1,-0.2128,-0.0388,0.1236,-0.2372
2,0.1236,-0.2372,0.138,-0.3192
3,0.138,-0.3192,0.1644,-0.5244
4,0.1644,-0.5244,0.208,-0.3996
5,0.208,-0.3996,0.2492,-0.3568
6,0.2492,-0.3568,0.2064,-0.2084
7,0.2064,-0.2084,-0.1748,0.0436
1,-0.0724,-0.186,-0.4648,0.174
2,-0.4648,0.174,-0.0472,0.0364
3,-0.0472,0.0364,0.1452,0.0736
4,0.1452,0.0736,-0.1548,0.018
1,-0.284,-0.1492,-0.3664,-0.2588
2,-0.3664,-0.2588,-0.4876,-0.2968
3,-0.4876,-0.2968,-0.3092,-0.2492
4,-0.3092,-0.2492,0.2604,0.2132
5,0.2604,0.2132,-0.2704,0.1188
6,-0.2704,0.1188,-0.2624,-0.1508
7,-0.2624,-0.1508,-0.3716,-0.2104
1,0.0452,-0.272,0.1648,-0.302
2,0.1648,-0.302,0.2208,-0.3596
3,0.2208,-0.3596,0.2888,-0.4264
4,0.2888,-0.4264,0.1324,-0.072
5,0.1324,-0.072,0.0384,0.1652
6,0.0384,0.1652,0.17,-0.0824
7,0.17,-0.0824,0.054,-0.2632
1,0.04,0.218,-0.0012,-0.0124
2,-0.0012,-0.0124,0.1704,0.0592
3,0.1704,0.0592,0.1264,0.0796
4,0.1264,0.0796,-0.1536,0.1696
5,-0.1536,0.1696,0.0348,0.098
6,0.0348,0.098,0.1292,-0.044
1,0.1692,0.0532,0.1312,-0.1072
1,0.1608,-0.1352,0.2936,0.01
2,0.2936,0.01,-0.0136,0.3064
3,-0.0136,0.3064,-0.2756,0.3152
4,-0.2756,0.3152,0.1208,-0.0684
5,0.1208,-0.0684,0.0404,-0.0984
1,-0.338,0.1552,-0.6904,-0.0624
2,-0.6904,-0.0624,-0.4568,0.0156
3,-0.4568,0.0156,-0.4892,0.1096
4,-0.4892,0.1096,-0.4028,0.0772
5,-0.4028,0.0772,0.25,0.1144
6,0.25,0.1144,0.3916,0.0424
1,0.142,-0.096,0.0572,0.1648
1,0.0216,0.138,-0.3536,0.0952
2,-0.3536,0.0952,-0.3992,0.0284
3,-0.3992,0.0284,0.3616,0.2124
4,0.3616,0.2124,0.402,0.0296
5,0.402,0.0296,-0.432,-0.0036
1,0.3108,0.188,-0.424,0.3204
2,-0.424,0.3204,0.4112,-0.062
3,0.4112,-0.062,0.446,0.0728
4,0.446,0.0728,0.442,0.3368
5,0.442,0.3368,-0.4104,0.5728
1,-0.0936,-0.202,-0.044,-0.3824
2,-0.044,-0.3824,0.01,-0.6432
3,0.01,-0.6432,0.0016,-0.614
4,0.0016,-0.614,-0.0292,-0.498
5,-0.0292,-0.498,-0.2452,-0.3544
6,-0.2452,-0.3544,-0.466,-0.3316
7,-0.466,-0.3316,-0.3056,-0.2968
8,-0.3056,-0.2968,-0.0908,-0.1632
1,-0.4304,0.3496,-0.3012,0.3408
2,-0.3012,0.3408,0.4672,-0.348
3,0.4672,-0.348,0.4664,-0.4324
4,0.4664,-0.4324,0.468,-0.3912
5,0.468,-0.3912,0.0052,-0.3084
6,0.0052,-0.3084,-0.0464,-0.318
7,-0.0464,-0.318,0.522,-0.3192
8,0.522,-0.3192,0.4712,-0.32
1,0.2816,0.2064,0.0608,0.054
2,0.0608,0.054,0.3064,0.138
3,0.3064,0.138,-0.0892,0.1356
1,-0.3384,-0.0268,-0.534,-0.2568
2,-0.534,-0.2568,-0.324,0.4684
3,-0.324,0.4684,-0.2544,0.3256
4,-0.2544,0.3256,-0.1696,0.0256
5,-0.1696,0.0256,-0.278,0.2776
6,-0.278,0.2776,0.2548,0.1424
7,0.2548,0.1424,0.3308,-0.0256
8,0.3308,-0.0256,0.1096,0.1524
9,0.1096,0.1524,-0.2336,0.2648
1,0.2396,-0.17,0.4656,0.1036
2,0.4656,0.1036,0.5196,0.3808
3,0.5196,0.3808,0.4852,0.4776
4,0.4852,0.4776,0.0716,0.3028
5,0.0716,0.3028,0.2816,-0.1304
6,0.2816,-0.1304,0.4928,-0.0748
7,0.4928,-0.0748,-0.0788,-0.0024
1,0.012,0.1152,0.4508,-0.0248
2,0.4508,-0.0248,0.5692,-0.2276
3,0.5692,-0.2276,0.1804,0.3916
4,0.1804,0.3916,0.2036,0.416
5,0.2036,0.416,-0.7044,0.3952
6,-0.7044,0.3952,0.5048,-0.0232
7,0.5048,-0.0232,0.4708,-0.0712
8,0.4708,-0.0712,0.5264,-0.052
1,0.3856,-0.0844,0.3496,-0.1244
2,0.3496,-0.1244,0.25,-0.1064
3,0.25,-0.1064,0.474,-0.1584
4,0.474,-0.1584,0.6428,-0.4512
5,0.6428,-0.4512,0.7052,-0.436
6,0.7052,-0.436,-0.5708,-0.0216
7,-0.5708,-0.0216,-0.62,-0.0104
8,-0.62,-0.0104,-0.6536,-0.0532
1,-0.1224,-0.0432,0.186,-0.0212
2,0.186,-0.0212,-0.0032,0.0528
3,-0.0032,0.0528,-0.0476,0.1208
4,-0.0476,0.1208,0.2116,-0.2008
5,0.2116,-0.2008,0.2084,-0.0388
6,0.2084,-0.0388,0.2964,-0.0472
7,0.2964,-0.0472,0.4116,-0.052
1,0.54,-0.038,0.6492,-0.2908
2,0.6492,-0.2908,0.562,-0.1508
3,0.562,-0.1508,0.636,-0.1136
4,0.636,-0.1136,0.5596,-0.0976
5,0.5596,-0.0976,-0.4548,-0.1356
1,-0.2064,0.0432,-0.02,0.046
2,-0.02,0.046,0.1576,-0.272
3,0.1576,-0.272,0.0468,-0.1372
4,0.0468,-0.1372,-0.0588,-0.074
5,-0.0588,-0.074,0.0568,-0.1072
6,0.0568,-0.1072,0.0172,-0.006
1,0.3012,-0.3896,0.3352,-0.6788
2,0.3352,-0.6788,0.3448,-0.748
3,0.3448,-0.748,0.3596,-0.672
4,0.3596,-0.672,0.3732,-0.596
5,0.3732,-0.596,0.2996,-0.4824
6,0.2996,-0.4824,0.1492,-0.16
7,0.1492,-0.16,0.048,0.068
8,0.048,0.068,0.084,-0.0152
1,0.1196,-0.1848,-0.0708,0.3016
2,-0.0708,0.3016,0.1748,-0.1256
3,0.1748,-0.1256,0.2872,-0.2372
4,0.2872,-0.2372,-0.196,0.3456
5,-0.196,0.3456,0.1936,-0.2628
6,0.1936,-0.2628,0.04,-0.0792
1,-0.1112,0.0572,-0.01,-0.3296
2,-0.01,-0.3296,-0.1672,-0.0872
3,-0.1672,-0.0872,0.586,-0.4328
4,0.586,-0.4328,0.7452,-0.4696
5,0.7452,-0.4696,-0.016,-0.0132
6,-0.016,-0.0132,-0.1436,-0.0016
1,0.0408,0.114,-0.2932,0.0356
2,-0.2932,0.0356,-0.3132,0.1068
3,-0.3132,0.1068,-0.3164,-0.006
4,-0.3164,-0.006,0.0044,-0.0436
5,0.0044,-0.0436,0.7436,-0.1736
6,0.7436,-0.1736,0.7244,-0.2616
7,0.7244,-0.2616,0.6824,-0.2644
8,0.6824,-0.2644,0.0924,0.004
9,0.0924,0.004,0.0372,0.0792
1,-0.096,-0.1044,-0.1868,-0.6848
7,-0.194,-0.496,-0.142,-0.4268
1,0.1576,-0.2216,0.0876,-0.0508
2,0.0876,-0.0508,-0.1068,0.3692
3,-0.1068,0.3692,-0.0184,0.4408
4,-0.0184,0.4408,0.0956,0.178
5,0.0956,0.178,-0.394,0.3652
6,-0.394,0.3652,-0.0348,0.3236
7,-0.0348,0.3236,-0.0088,0.1588
8,-0.0088,0.1588,-0.3308,0.3044
1,-0.0236,-0.2048,-0.0216,-0.3272
2,-0.0216,-0.3272,-0.03,-0.2816
3,-0.03,-0.2816,-0.0932,-0.0144
4,-0.0932,-0.0144,-0.0288,-0.2868
5,-0.0288,-0.2868,0.1944,-0.1684
6,0.1944,-0.1684,0.3492,-0.1748
1,-0.0988,-0.0552,-0.178,-0.208
2,-0.178,-0.208,-0.164,0.1852
3,-0.164,0.1852,-0.652,0.1912
4,-0.652,0.1912,-0.0272,-0.1296
5,-0.0272,-0.1296,-0.034,-0.076
1,-0.3124,0.2084,-0.512,0.0856
2,-0.512,0.0856,-0.2868,0.1908
3,-0.2868,0.1908,-0.594,0.0192
4,-0.594,0.0192,-0.3804,0.3264
5,-0.3804,0.3264,-0.4724,-0.0588
6,-0.4724,-0.0588,-0.6524,0.0128
7,-0.6524,0.0128,-0.6776,-0.0908
1,-0.0156,0.1728,0.072,0.1916
2,0.072,0.1916,-0.1348,-0.0964
1,0.1708,0.1352,-0.4172,0.1392
2,-0.4172,0.1392,-0.5848,0.2692
3,-0.5848,0.2692,-0.6284,0.1952
1,-0.4568,0.2724,-0.446,0.2096
2,-0.446,0.2096,0.5548,-0.6336
3,0.5548,-0.6336,0.6336,-0.6784
4,0.6336,-0.6784,-0.438,0.2436
5,-0.438,0.2436,-0.5456,0.52
6,-0.5456,0.52,0.2432,0.2072
7,0.2432,0.2072,0.316,0.5868
1,0.0508,-0.3072,0.036,-0.4708
2,0.036,-0.4708,0.0064,-0.27
3,0.0064,-0.27,0.022,0.2844
4,0.022,0.2844,0.0908,0.1068
5,0.0908,0.1068,-0.0124,-0.3276
6,-0.0124,-0.3276,-0.024,-0.0976
1,0.09,-0.0796,-0.2872,0.0352
2,-0.2872,0.0352,0.4956,-0.036
3,0.4956,-0.036,-0.0468,0.5712
4,-0.0468,0.5712,-0.2644,0.2064
5,-0.2644,0.2064,0.3196,0.1256
1,0.0064,0.28,0.2572,-0.132
2,0.2572,-0.132,-0.0864,0.0708
3,-0.0864,0.0708,-0.3004,0.1568
4,-0.3004,0.1568,-0.0768,0.0956
1,0.2036,0.0916,0.1332,0.2152
2,0.1332,0.2152,0.0796,0.2748
3,0.0796,0.2748,-0.1124,0.03
4,-0.1124,0.03,0.0524,0.3628
5,0.0524,0.3628,0.1112,0.3676
6,0.1112,0.3676,-0.0544,0.0524
7,-0.0544,0.0524,-0.0228,0.0124
1,-0.1664,0.3032,0.0708,-0.0644
2,0.0708,-0.0644,-0.0784,0.1076
3,-0.0784,0.1076,0.3112,-0.0888
4,0.3112,-0.0888,-0.1828,-0.0572
5,-0.1828,-0.0572,0.0128,0.064
6,0.0128,0.064,-0.0576,0.1956
1,0.0636,-0.5152,0.0376,-0.5348
2,0.0376,-0.5348,0.4308,-0.26
3,0.4308,-0.26,-0.0112,-0.178
1,0.0472,-0.1324,0.0084,-0.126
2,0.0084,-0.126,0.0492,-0.1844
3,0.0492,-0.1844,0.1356,0.0076
4,0.1356,0.0076,0.0672,-0.1348
5,0.0672,-0.1348,-0.0012,-0.1392
1,0.1948,0.1984,-0.3108,0.0752
2,-0.3108,0.0752,-0.4936,-0.1832
3,-0.4936,-0.1832,0.0448,0.0172
4,0.0448,0.0172,0.1948,0.0204
5,0.1948,0.0204,0.0356,0.0072
6,0.0356,0.0072,-0.0776,0.0032
1,0.0696,-0.1408,0.1932,-0.2892
2,0.1932,-0.2892,-0.1112,0.3256
3,-0.1112,0.3256,0.1084,-0.2484
4,0.1084,-0.2484,0.0476,-0.3388
1,0.0872,-0.06,-0.174,0.178
2,-0.174,0.178,-0.2516,0.2628
3,-0.2516,0.2628,-0.2932,0.1056
4,-0.2932,0.1056,-0.0036,-0.0592
5,-0.0036,-0.0592,0.0816,-0.1532
1,0.4076,-0.204,0.5136,-0.2504
2,0.5136,-0.2504,0.9596,-0.412
3,0.9596,-0.412,0.6208,-0.3644
4,0.6208,-0.3644,0.0552,-0.0472
5,0.0552,-0.0472,-0.288,0.176
6,-0.288,0.176,-0.0004,0.0692
7,-0.0004,0.0692,-0.0452,0.0504
1,0.1036,-0.2236,0.084,-0.206
2,0.084,-0.206,0.05,-0.1732
3,0.05,-0.1732,0.0572,-0.134
4,0.0572,-0.134,0.026,-0.1168
5,0.026,-0.1168,0.1052,-0.3576
1,0.0964,-0.1316,-0.6076,-0.1604
2,-0.6076,-0.1604,0.2328,-0.0748
3,0.2328,-0.0748,0.0716,-0.1104
4,0.0716,-0.1104,0.122,-0.0872
5,0.122,-0.0872,0.0764,-0.0336
1,-0.1624,-0.1736,-0.194,-0.1616
2,-0.194,-0.1616,-0.1356,0.146
3,-0.1356,0.146,-0.3504,0.1748
4,-0.3504,0.1748,0.0388,-0.7176
5,0.0388,-0.7176,0.1664,-0.3124
1,0.648,0.2584,0.7356,0.3212
2,0.7356,0.3212,0.6816,-0.2136
3,0.6816,-0.2136,0.2508,-0.1816
4,0.2508,-0.1816,-0.3376,0.1032
5,-0.3376,0.1032,-0.4324,0.112
6,-0.4324,0.112,0.3772,-0.0116
7,0.3772,-0.0116,0.7648,-0.0736
8,0.7648,-0.0736,0.2748,-0.0088
1,-0.3056,0.0808,-0.426,0.0608
2,-0.426,0.0608,0.0316,0.1556
3,0.0316,0.1556,0.7896,-0.2332
4,0.7896,-0.2332,-0.0456,0
1,0.1368,-0.026,0.1332,-0.174
2,0.1332,-0.174,-0.0632,-0.0064
3,-0.0632,-0.0064,0.1544,0.004
4,0.1544,0.004,0.1104,-0.0608
5,0.1104,-0.0608,0,-0.0124
1,-0.0172,0.3044,-0.0268,0.1516
2,-0.0268,0.1516,-0.208,0.164
3,-0.208,0.164,-0.0684,0.1892
4,-0.0684,0.1892,-0.0924,0.1412
1,-0.1328,-0.0356,-0.2548,0.0752
2,-0.2548,0.0752,-0.3552,0.1964
3,-0.3552,0.1964,-0.288,0.0388
4,-0.288,0.0388,0.1884,0.0836
5,0.1884,0.0836,0.248,0.0796
6,0.248,0.0796,-0.216,0.0144
7,-0.216,0.0144,0.1404,0.1236
8,0.1404,0.1236,0.0152,-0.0244
1,0.078,0.0348,0.0984,-0.0572
2,0.0984,-0.0572,0.1072,-0.2524
3,0.1072,-0.2524,-0.3976,0.5448
1,0.2256,-0.0768,0.2516,-0.1608
2,0.2516,-0.1608,0.1364,0.134
3,0.1364,0.134,0.2452,-0.3268
4,0.2452,-0.3268,0.2692,-0.2188
5,0.2692,-0.2188,0.2688,-0.2372
6,0.2688,-0.2372,0.1528,-0.2436
7,0.1528,-0.2436,0.1992,-0.2168
8,0.1992,-0.2168,0.0792,0.004
1,0.0932,0.0336,0.1244,0.0552
2,0.1244,0.0552,0.3708,0.1716
3,0.3708,0.1716,0.5324,0.2496
4,0.5324,0.2496,0.0528,0.1152
5,0.0528,0.1152,0.122,0.1076
6,0.122,0.1076,-0.5008,0.0424
7,-0.5008,0.0424,-0.5664,0.0168
8,-0.5664,0.0168,0.5496,-0.3316
9,0.5496,-0.3316,0.6936,-0.4468
10,0.6936,-0.4468,0.2496,-0.2668
11,0.2496,-0.2668,0.292,-0.2612
1,0.1192,-0.0544,0.1336,-0.0892
2,0.1336,-0.0892,0.126,-0.0372
1,-0.2384,-0.074,-0.1608,-0.1216
2,-0.1608,-0.1216,-0.156,-0.1884
3,-0.156,-0.1884,-0.2028,-0.112
4,-0.2028,-0.112,-0.1976,-0.1236
1,-0.14,-0.0528,-0.2684,0.1
2,-0.2684,0.1,-0.0008,0.1472
3,-0.0008,0.1472,0.0516,0.2028
4,0.0516,0.2028,-0.3996,0.4056
5,-0.3996,0.4056,-0.524,0.5424
6,-0.524,0.5424,-0.5132,0.2696
7,-0.5132,0.2696,-0.3268,0.1696
8,-0.3268,0.1696,-0.5696,0.1588
1,0.5352,-0.104,0.5484,0.06
2,0.5484,0.06,-0.3528,-0.1392
3,-0.3528,-0.1392,-0.2584,0.296
1,0.1688,0.114,-0.0772,-0.3024
2,-0.0772,-0.3024,-0.6128,-0.1148
3,-0.6128,-0.1148,-0.5864,0.1648
4,-0.5864,0.1648,-0.2756,0.1508
5,-0.2756,0.1508,0.6612,0.3144
6,0.6612,0.3144,0.08,0.0728
7,0.08,0.0728,0.1548,0.0672
8,0.1548,0.0672,-0.6124,-0.1116
9,-0.6124,-0.1116,0.0316,0.0764
1,-0.0244,-0.196,0.0856,-0.246
2,0.0856,-0.246,-0.4632,-0.024
3,-0.4632,-0.024,-0.872,0.4788
6,0.0512,-0.1704,0.1212,-0.238
7,0.1212,-0.238,-0.496,-0.1548
1,0.0592,0.1376,0.3224,0.034
2,0.3224,0.034,-0.8864,0.254
3,-0.8864,0.254,-0.596,0.4336
4,-0.596,0.4336,0.3332,0.0688
5,0.3332,0.0688,0.3208,0.3224
6,0.3208,0.3224,-0.6144,0.4336
7,-0.6144,0.4336,0.0388,0.3116
8,0.0388,0.3116,-0.0228,0.1136
1,-0.2564,-0.2748,-0.7552,-0.2932
2,-0.7552,-0.2932,0.1632,-0.0276
3,0.1632,-0.0276,0.1116,-0.188
4,0.1116,-0.188,0.0904,0.1396
5,0.0904,0.1396,0.3552,0.1024
6,0.3552,0.1024,0.3124,0.6084
7,0.3124,0.6084,0.3308,0.5348
8,0.3308,0.5348,0.1404,0.6376
9,0.1404,0.6376,0.2048,0.5928
10,0.2048,0.5928,-0.6912,-0.2216
1,-0.0984,-0.0068,0.3168,0.1916
2,0.3168,0.1916,-0.0756,-0.1184
3,-0.0756,-0.1184,-0.7596,0.3092
4,-0.7596,0.3092,-0.1736,-0.0784
5,-0.1736,-0.0784,-0.1792,-0.1108
1,0.378,0.062,-0.0284,-0.4912
2,-0.0284,-0.4912,-0.1548,-0.0836
3,-0.1548,-0.0836,-0.4072,-0.2148
4,-0.4072,-0.2148,-0.0876,-0.1412
5,-0.0876,-0.1412,-0.4232,-0.0548
1,0.3504,0.0708,-0.5268,-0.0164
2,-0.5268,-0.0164,0.194,0.1104
3,0.194,0.1104,0.6148,0.0856
4,0.6148,0.0856,0.648,0.116
5,0.648,0.116,0.5176,-0.048
6,0.5176,-0.048,0.1284,-0.18
7,0.1284,-0.18,0.1252,-0.178
8,0.1252,-0.178,-0.3772,0.024
1,0.0584,0.1728,0.316,0.1388
2,0.316,0.1388,0.4808,-0.4108
3,0.4808,-0.4108,0.438,-0.432
4,0.438,-0.432,0.462,-0.4796
5,0.462,-0.4796,0.2224,-0.0232
6,0.2224,-0.0232,0.5052,-0.4512
7,0.5052,-0.4512,0.4048,-0.4596
8,0.4048,-0.4596,-0.1348,0.1556
1,-0.2884,0.046,-0.3444,0.038
2,-0.3444,0.038,0.3576,0.0736
3,0.3576,0.0736,-0.5624,0.2316
4,-0.5624,0.2316,0.0776,0.2456
5,0.0776,0.2456,0.1112,0.3052
6,0.1112,0.3052,0.2956,0.0764
7,0.2956,0.0764,-0.3868,0.0084
8,-0.3868,0.0084,-0.1356,0.026
1,-0.0072,0.0176,-0.0996,0.3692
2,-0.0996,0.3692,0.0088,-0.1456
3,0.0088,-0.1456,-0.5584,-0.3708
4,-0.5584,-0.3708,-0.1088,-0.0292
5,-0.1088,-0.0292,-0.1548,0.3
6,-0.1548,0.3,-0.3196,-0.0708
7,-0.3196,-0.0708,-0.0868,-0.0596
1,0.1888,-0.0192,-0.7748,0.0992
2,-0.7748,0.0992,-0.8748,0.1748
3,-0.8748,0.1748,-0.62,0.0084
4,-0.62,0.0084,-0.1196,0.0932
5,-0.1196,0.0932,0.1584,0.0004
6,0.1584,0.0004,-0.3868,0.3532
7,-0.3868,0.3532,-0.704,-0.0172
1,-0.2292,0.0072,-0.278,0.2024
2,-0.278,0.2024,-0.7036,-0.4176
3,-0.7036,-0.4176,-0.628,-0.3512
4,-0.628,-0.3512,-0.798,0.6592
5,-0.798,0.6592,-0.1416,0.072
6,-0.1416,0.072,-0.0684,0.0868
7,-0.0684,0.0868,-0.234,-0.0116
1,-0.0304,0.1108,0.5656,0.1452
2,0.5656,0.1452,0.6604,-0.2544
3,0.6604,-0.2544,0.632,-0.4596
4,0.632,-0.4596,0.5288,-0.4944
5,0.5288,-0.4944,0.0564,0.1984
6,0.0564,0.1984,-0.086,0.236
7,-0.086,0.236,-0.1676,0.2792
8,-0.1676,0.2792,-0.8388,0.3532
9,-0.8388,0.3532,0.3064,0.1272
10,0.3064,0.1272,0.61,-0.0264
11,0.61,-0.0264,0.6568,-0.2512
1,-0.0336,-0.1584,-0.592,-0.1236
2,-0.592,-0.1236,0.0456,0.2104
3,0.0456,0.2104,-0.594,0.0268
4,-0.594,0.0268,0.1216,-0.14
5,0.1216,-0.14,0.006,-0.166
6,0.006,-0.166,-0.5044,-0.1016
1,-0.4032,-0.258,0.2308,-0.0484
2,0.2308,-0.0484,-0.7084,-0.26
3,-0.7084,-0.26,0.3944,-0.3016
4,0.3944,-0.3016,-0.5088,-0.1524
5,-0.5088,-0.1524,-0.2636,-0.1508
6,-0.2636,-0.1508,0.0096,-0.2024
1,-0.1248,0.0744,-0.9024,0.2324
2,-0.9024,0.2324,0.6288,0.6412
3,0.6288,0.6412,0.7272,0.6584
4,0.7272,0.6584,0.7952,0.5944
5,0.7952,0.5944,0.7536,0.662
6,0.7536,0.662,-0.8908,0.224
7,-0.8908,0.224,-0.958,0.2476
8,-0.958,0.2476,-0.178,0.116
9,-0.178,0.116,-0.1068,0.0528
10,-0.1068,0.0528,-0.7084,0.3724
1,-0.6644,-0.2236,0.3672,-0.0844
2,0.3672,-0.0844,0.2852,0.4724
3,0.2852,0.4724,0.7244,0.462
4,0.7244,0.462,0.7712,0.5568
5,0.7712,0.5568,-0.7864,-0.1356
6,-0.7864,-0.1356,-0.7308,-0.2072
7,-0.7308,-0.2072,0.3932,-0.0548
8,0.3932,-0.0548,0.3128,-0.1008
9,0.3128,-0.1008,-0.6508,-0.136
1,0.6976,-0.026,-0.3628,-0.0648
2,-0.3628,-0.0648,0.8692,-0.03
3,0.8692,-0.03,-0.5704,-0.0816
4,-0.5704,-0.0816,0.2868,-0.0632
5,0.2868,-0.0632,-0.512,0.068
6,-0.512,0.068,0.4888,-0.0776
7,0.4888,-0.0776,-0.3232,-0.0896
8,-0.3232,-0.0896,0.0424,-0.0612
1,-0.2068,-0.404,-0.0012,0.2424
2,-0.0012,0.2424,-0.0092,0.126
3,-0.0092,0.126,0.5692,-0.2292
4,0.5692,-0.2292,0.5772,0.1788
5,0.5772,0.1788,0.404,0.3504
6,0.404,0.3504,0.588,-0.238
7,0.588,-0.238,0.5976,0.284
8,0.5976,0.284,0.0428,0.4596
9,0.0428,0.4596,-0.0396,0.4812
10,-0.0396,0.4812,-0.2388,-0.394
1,0.332,-0.122,0.4016,-0.2136
2,0.4016,-0.2136,-0.182,0.0424
3,-0.182,0.0424,-0.6668,0.2388
4,-0.6668,0.2388,0.2372,0.3032
5,0.2372,0.3032,-0.6956,0.4192
6,-0.6956,0.4192,0.2184,-0.1416
7,0.2184,-0.1416,-0.3468,0.134
1,-0.062,0.0124,-0.3504,-0.0308
2,-0.3504,-0.0308,0.3676,0.1652
3,0.3676,0.1652,0.344,-0.0364
4,0.344,-0.0364,-0.4768,-0.0968
5,-0.4768,-0.0968,0.1824,-0.2116
6,0.1824,-0.2116,0.398,-0.0704
7,0.398,-0.0704,0.4924,0.4736
8,0.4924,0.4736,-0.4532,-0.0204
1,-0.1888,0.02,0.3368,-0.092
2,0.3368,-0.092,0.2264,0.0676
3,0.2264,0.0676,-0.6972,-0.2808
4,-0.6972,-0.2808,-0.6996,-0.4016
5,-0.6996,-0.4016,-0.7972,0.2384
6,-0.7972,0.2384,-0.7092,0.274
7,-0.7092,0.274,0.1724,0.0688
8,0.1724,0.0688,-0.5304,-0.2784
9,-0.5304,-0.2784,-0.5692,-0.5252
10,-0.5692,-0.5252,0.4668,-0.0408
1,-0.2452,-0.1308,0.298,-0.0276
2,0.298,-0.0276,-0.7208,-0.1572
3,-0.7208,-0.1572,0.3512,-0.0132
4,0.3512,-0.0132,0.2404,-0.0352
5,0.2404,-0.0352,-0.8028,-0.06
6,-0.8028,-0.06,0.1352,-0.0416
7,0.1352,-0.0416,0.3056,-0.0392
8,0.3056,-0.0392,-0.3568,-0.0964
1,-0.3548,-0.2308,-0.4196,-0.1816
2,-0.4196,-0.1816,-0.3068,-0.2036
3,-0.3068,-0.2036,-0.5172,-0.2244
4,-0.5172,-0.2244,-0.3856,-0.2084
5,-0.3856,-0.2084,-0.296,-0.2112
1,-0.3408,0.0036,-0.0228,0.5168
2,-0.0228,0.5168,-0.4168,-0.0404
3,-0.4168,-0.0404,0.3388,0.3012
4,0.3388,0.3012,-0.3436,0.094
5,-0.3436,0.094,-0.4652,0.0784
6,-0.4652,0.0784,-0.3368,-0.006
1,0.0736,0.1712,0.1096,0.0568
2,0.1096,0.0568,0.1728,0.2012
3,0.1728,0.2012,0.1452,0.268
4,0.1452,0.268,-0.6392,-0.2408
5,-0.6392,-0.2408,0.1672,0.0584
6,0.1672,0.0584,0.0316,0.062
7,0.0316,0.062,-0.704,-0.2592
8,-0.704,-0.2592,0.1648,0.0032
9,0.1648,0.0032,-0.5656,-0.1388
10,-0.5656,-0.1388,0.3216,0.0448
11,0.3216,0.0448,-0.4888,-0.1964
1,0.1792,-0.008,0.0712,-0.0012
2,0.0712,-0.0012,0.286,-0.028
3,0.286,-0.028,0.732,-0.0992
4,0.732,-0.0992,-0.024,-0.33
5,-0.024,-0.33,-0.632,0.1032
6,-0.632,0.1032,0.0576,0.106
7,0.0576,0.106,-0.0508,-0.3732
8,-0.0508,-0.3732,-0.6,-0.32
9,-0.6,-0.32,-0.5284,0.3984
1,-0.1232,-0.0624,0.4744,-0.1164
2,0.4744,-0.1164,0.2368,0.1384
3,0.2368,0.1384,-0.2872,0.1092
4,-0.2872,0.1092,0.4192,0.0796
5,0.4192,0.0796,0.288,0.1316
6,0.288,0.1316,-0.1004,-0.0172
1,-0.094,0.3048,0.0648,0.3568
2,0.0648,0.3568,-0.1456,0.3792
3,-0.1456,0.3792,-0.2056,0.312
4,-0.2056,0.312,0.01,0.3444
5,0.01,0.3444,-0.1388,0.2164
1,-0.0828,-0.4396,-0.0812,-0.5196
2,-0.0812,-0.5196,-0.8848,-0.0136
3,-0.8848,-0.0136,-0.8472,-0.1496
4,-0.8472,-0.1496,-0.276,0.0444
5,-0.276,0.0444,-0.0344,-0.36
6,-0.0344,-0.36,-0.7532,-0.0552
7,-0.7532,-0.0552,0.8256,0.2188
8,0.8256,0.2188,-0.0404,-0.0572
9,-0.0404,-0.0572,-0.11,-0.5092
10,-0.11,-0.5092,-0.0996,-0.0652
1,0.6836,0.1344,-0.9376,0.2752
2,-0.9376,0.2752,-0.7628,-0.1672
3,-0.7628,-0.1672,-0.3176,0.094
1,-0.0192,-0.0776,0.1816,0.2704
2,0.1816,0.2704,0.0232,0.1472
3,0.0232,0.1472,-0.0576,-0.0392
4,-0.0576,-0.0392,-0.2028,0.024
1,-0.332,-0.24,-0.426,-0.2912
2,-0.426,-0.2912,-0.7576,0.5092
3,-0.7576,0.5092,0.008,0.5588
4,0.008,0.5588,-0.2468,0.3508
5,-0.2468,0.3508,-0.4568,-0.2532
6,-0.4568,-0.2532,-0.382,-0.2352
1,0.3276,0.1652,-0.7492,-0.202
2,-0.7492,-0.202,-0.5348,-0.2144
3,-0.5348,-0.2144,0.5164,-0.2048
4,0.5164,-0.2048,0.2116,-0.3144
5,0.2116,-0.3144,0.618,0.2264
6,0.618,0.2264,-0.0748,0.4804
7,-0.0748,0.4804,-0.95,0.4672
8,-0.95,0.4672,-0.0912,0.3532
9,-0.0912,0.3532,0.4196,0.2552
10,0.4196,0.2552,0.5516,0.26
1,-0.6488,0.15,-0.65,0.2156
2,-0.65,0.2156,-0.4984,0.2164
3,-0.4984,0.2164,-0.806,0.2096
4,-0.806,0.2096,-0.5688,-0.068
5,-0.5688,-0.068,0.078,0.016
6,0.078,0.016,0.3608,0.25
7,0.3608,0.25,0.2752,0.2332
8,0.2752,0.2332,0.1676,0.2208
9,0.1676,0.2208,-0.3676,-0.0532
10,-0.3676,-0.0532,0.47,0.0232
1,-0.1144,-0.1888,0.28,-0.1556
2,0.28,-0.1556,0.2024,-0.2276
3,0.2024,-0.2276,-0.1312,-0.1696
4,-0.1312,-0.1696,-0.1504,-0.0364
5,-0.1504,-0.0364,-0.1404,-0.2844
6,-0.1404,-0.2844,0.1252,-0.232
7,0.1252,-0.232,-0.1212,-0.2548
1,-0.1704,0.116,0.1384,0.148
2,0.1384,0.148,-0.2164,0.128
3,-0.2164,0.128,-0.274,0.098
4,-0.274,0.098,-0.5988,-0.43
5,-0.5988,-0.43,-0.5472,-0.432
6,-0.5472,-0.432,0.0396,0.1228
7,0.0396,0.1228,0.1064,0.122
1,0.2748,-0.2432,-0.5676,-0.2364
2,-0.5676,-0.2364,0.2484,-0.3452
3,0.2484,-0.3452,-0.2088,0.4124
4,-0.2088,0.4124,0.234,0.3128
5,0.234,0.3128,-0.5672,-0.2292
6,-0.5672,-0.2292,-0.0092,0.124
7,-0.0092,0.124,-0.0176,-0.1036
8,-0.0176,-0.1036,-0.126,-0.1216
1,-0.1932,-0.0044,-0.57,-0.1044
2,-0.57,-0.1044,0.436,-0.1792
3,0.436,-0.1792,0.1792,-0.2104
4,0.1792,-0.2104,-0.6436,-0.0088
5,-0.6436,-0.0088,-0.2748,-0.1992
6,-0.2748,-0.1992,-0.42,-0.2132
7,-0.42,-0.2132,0.0896,-0.2164
8,0.0896,-0.2164,-0.1168,0
1,-0.3348,-0.19,-0.4384,-0.19
2,-0.4384,-0.19,-0.1488,-0.1548
3,-0.1488,-0.1548,0.2812,-0.0952
4,0.2812,-0.0952,0.4352,-0.0736
5,0.4352,-0.0736,0.208,0.0024
6,0.208,0.0024,0.4064,-0.0088
7,0.4064,-0.0088,0.3312,-0.0612
8,0.3312,-0.0612,-0.5088,0.0816
9,-0.5088,0.0816,-0.3224,-0.0252
1,0.186,-0.0356,-0.0592,-0.1348
2,-0.0592,-0.1348,0.2076,-0.1536
3,0.2076,-0.1536,0.042,-0.0844
4,0.042,-0.0844,-0.0708,-0.094
1,-0.112,-0.1992,-0.0852,-0.0056
2,-0.0852,-0.0056,0.0476,0.022
3,0.0476,0.022,0.1428,0.0692
4,0.1428,0.0692,0.6036,0.1268
5,0.6036,0.1268,0.2972,0.1276
6,0.2972,0.1276,0.05,0.1496
7,0.05,0.1496,0.0396,0.0036
1,-0.1608,0.156,-0.3716,0.1548
2,-0.3716,0.1548,-0.1892,0.154
3,-0.1892,0.154,-0.264,0.1504
4,-0.264,0.1504,-0.1192,0.1536
5,-0.1192,0.1536,0.564,0.02
6,0.564,0.02,-0.256,0.3056
7,-0.256,0.3056,-0.632,0.272
8,-0.632,0.272,-0.102,0.3708
9,-0.102,0.3708,-0.8388,0.3556
10,-0.8388,0.3556,-0.0584,0.3748
1,-0.1992,-0.214,-0.3396,0.246
2,-0.3396,0.246,0.9,-0.6268
3,0.9,-0.6268,-0.1968,0.2188
4,-0.1968,0.2188,-0.1672,-0.2
5,-0.1672,-0.2,0.0712,-0.0972
6,0.0712,-0.0972,-0.056,-0.1752
1,-0.2128,0.1068,-0.4608,0.0864
2,-0.4608,0.0864,0.634,-0.0908
3,0.634,-0.0908,-0.4868,0.148
4,-0.4868,0.148,-0.5696,0.1272
5,-0.5696,0.1272,-0.3744,0.14
6,-0.3744,0.14,0.6412,-0.0764
7,0.6412,-0.0764,-0.4416,-0.0512
8,-0.4416,-0.0512,-0.398,-0.0832
9,-0.398,-0.0832,-0.8832,0.3224
1,-0.5524,-0.1596,-0.5772,-0.2868
2,-0.5772,-0.2868,-0.1852,-0.24
3,-0.1852,-0.24,0.2604,-0.2524
4,0.2604,-0.2524,-0.4192,0.0784
5,-0.4192,0.0784,0.6184,-0.2644
6,0.6184,-0.2644,-0.4276,0.1496
7,-0.4276,0.1496,0.3608,-0.248
8,0.3608,-0.248,-0.4336,-0.2392
9,-0.4336,-0.2392,-0.0748,-0.1944
1,-0.4124,0.0488,-0.6756,-0.4276
2,-0.6756,-0.4276,-0.4872,-0.3852
3,-0.4872,-0.3852,0.2636,0.1428
4,0.2636,0.1428,-0.4264,0.0356
5,-0.4264,0.0356,-0.5244,0.5484
6,-0.5244,0.5484,-0.3844,0.3552
7,-0.3844,0.3552,0.2436,0.0948
8,0.2436,0.0948,0.3436,0.0984
9,0.3436,0.0984,-0.5072,0.0432
1,-0.0724,0.0076,-0.5784,-0.4208
2,-0.5784,-0.4208,-0.6124,-0.374
3,-0.6124,-0.374,-0.8984,0.3984
4,-0.8984,0.3984,-0.4268,0.16
5,-0.4268,0.16,-0.5368,0.0472
6,-0.5368,0.0472,0.684,0.092
7,0.684,0.092,0.008,0.1244
8,0.008,0.1244,-0.202,-0.0064
1,-0.428,0.068,-0.7304,0.1012
2,-0.7304,0.1012,-0.6376,0.0456
3,-0.6376,0.0456,-0.5848,-0.1972
4,-0.5848,-0.1972,-0.1156,-0.1532
5,-0.1156,-0.1532,-0.8748,0.0276
6,-0.8748,0.0276,-0.7512,-0.0424
7,-0.7512,-0.0424,-0.6672,-0.1024
8,-0.6672,-0.1024,-0.5676,-0.0672
9,-0.5676,-0.0672,-0.1732,-0.0844
10,-0.1732,-0.0844,0.778,0.018
11,0.778,0.018,0.8512,-0.0068
3,0.4784,0.684,0.6284,-0.504
4,0.6284,-0.504,0.7092,-0.4992
5,0.7092,-0.4992,0.59,-0.5232
6,0.59,-0.5232,-0.1408,-0.2216
1,-0.044,0.0628,0.4428,0.0084
2,0.4428,0.0084,-0.4716,0.0748
3,-0.4716,0.0748,0.024,0.5076
4,0.024,0.5076,-0.4604,0.0492
5,-0.4604,0.0492,-0.9904,0.1016
6,-0.9904,0.1016,-0.0244,0.0136
7,-0.0244,0.0136,-0.446,0.0396
8,-0.446,0.0396,0.1716,-0.038
1,-0.0652,0.0524,-0.1652,0.114
2,-0.1652,0.114,-0.0136,0.0132
3,-0.0136,0.0132,-0.1684,0.1316
4,-0.1684,0.1316,-0.2356,0.1552
5,-0.2356,0.1552,0.2936,-0.18
6,0.2936,-0.18,-0.0948,0.0372
7,-0.0948,0.0372,-0.0712,0.0392
8,-0.0712,0.0392,-0.2648,-0.0764
1,-0.4272,-0.0148,0.28,0.0436
2,0.28,0.0436,-0.0024,0.0076
3,-0.0024,0.0076,-0.148,0.0024
4,-0.148,0.0024,-0.048,0.0084
5,-0.048,0.0084,0.1416,0.0208
1,-0.524,-0.3736,-0.4532,-0.3868
2,-0.4532,-0.3868,0.15,-0.0072
3,0.15,-0.0072,0.196,0.0772
4,0.196,0.0772,-0.4812,-0.4132
5,-0.4812,-0.4132,-0.006,0.0644
1,-0.3572,-0.02,0.412,0.1824
2,0.412,0.1824,-0.0728,0.2276
3,-0.0728,0.2276,0.7304,0.2796
4,0.7304,0.2796,0.7028,0.2276
5,0.7028,0.2276,-0.3364,0.1996
6,-0.3364,0.1996,-0.2576,0.1748
7,-0.2576,0.1748,0.1532,0.1812
8,0.1532,0.1812,0.1956,0.1976
9,0.1956,0.1976,0.0292,0.152
1,0.4096,0.042,-0.6544,0.1764
2,-0.6544,0.1764,0.072,0.2568
3,0.072,0.2568,0.42,0.062
4,0.42,0.062,-0.3168,0.524
5,-0.3168,0.524,0.3672,0.0644
6,0.3672,0.0644,0.3964,0.0492
7,0.3964,0.0492,0.058,0.2824
1,-0.654,0.1316,-0.53,-0.0704
2,-0.53,-0.0704,-0.4452,-0.0812
3,-0.4452,-0.0812,-0.6668,-0.0828
4,-0.6668,-0.0828,-0.8504,-0.0344
5,-0.8504,-0.0344,0.0612,-0.3208
6,0.0612,-0.3208,0.372,0.0264
7,0.372,0.0264,0.0944,0.0004
8,0.0944,0.0004,-0.0232,-0.0208
9,-0.0232,-0.0208,-0.0808,-0.0112
10,-0.0808,-0.0112,-0.4892,-0.0864
11,-0.4892,-0.0864,-0.8072,0.302
1,-0.0144,0.088,-0.2368,-0.004
2,-0.2368,-0.004,-0.4956,0.3464
3,-0.4956,0.3464,-0.69,0.4848
4,-0.69,0.4848,-0.412,0.3772
5,-0.412,0.3772,0.1708,0.2836
6,0.1708,0.2836,0.3772,0.03
7,0.3772,0.03,0.0164,-0.0432
8,0.0164,-0.0432,0.0688,0.1788
9,0.0688,0.1788,0.1528,0.4568
1,-0.0576,-0.1156,-0.5336,-0.076
2,-0.5336,-0.076,-0.6912,-0.1512
3,-0.6912,-0.1512,-0.6304,0.0548
4,-0.6304,0.0548,-0.0524,0.1004
5,-0.0524,0.1004,0.2672,0.0824
6,0.2672,0.0824,0.4576,0.3924
7,0.4576,0.3924,0.6444,-0.1548
8,0.6444,-0.1548,0.0772,-0.0888
9,0.0772,-0.0888,-0.2356,-0.1028
1,-0.6072,0.2376,-0.3984,0.1744
2,-0.3984,0.1744,0.5672,0.1288
3,0.5672,0.1288,0.6564,0.0192
4,0.6564,0.0192,-0.5224,0.1228
5,-0.5224,0.1228,-0.406,0.1976
6,-0.406,0.1976,0.1148,0.1236
7,0.1148,0.1236,0.096,0.0244
1,-0.5864,-0.1348,-0.5056,-0.1
2,-0.5056,-0.1,0.218,-0.164
3,0.218,-0.164,-0.014,-0.008
4,-0.014,-0.008,-0.1712,-0.058
5,-0.1712,-0.058,-0.2608,-0.1568
1,-0.1312,-0.1172,-0.13,-0.2844
2,-0.13,-0.2844,0.2824,-0.1432
3,0.2824,-0.1432,0.1892,-0.0104
4,0.1892,-0.0104,0.438,-0.2288
5,0.438,-0.2288,0.1264,-0.1272
6,0.1264,-0.1272,-0.1496,-0.0932
7,-0.1496,-0.0932,-0.292,-0.0408
8,-0.292,-0.0408,-0.8308,0.0044
9,-0.8308,0.0044,-0.4156,-0.1032
10,-0.4156,-0.1032,0.0308,-0.0188
1,-0.3436,0.3808,-0.7044,0.4632
2,-0.7044,0.4632,0.366,0.5228
3,0.366,0.5228,-0.638,0.4584
4,-0.638,0.4584,0.1848,0.5204
5,0.1848,0.5204,0.2344,0.4912
6,0.2344,0.4912,-0.4808,0.2964
7,-0.4808,0.2964,-0.2628,0.1696
8,-0.2628,0.1696,0.142,0.5532
9,0.142,0.5532,-0.792,0.464
1,0.0044,0.1088,0.0988,0.1548
2,0.0988,0.1548,0.0152,0.1272
3,0.0152,0.1272,0.1216,0.1848
4,0.1216,0.1848,0.4112,0.392
5,0.4112,0.392,0.0316,0.0084
1,-0.2128,-0.0064,0.1076,-0.184
2,0.1076,-0.184,0.146,-0.082
3,0.146,-0.082,-0.2532,-0.0008
4,-0.2532,-0.0008,0.1112,-0.22
5,0.1112,-0.22,0.0648,-0.1752
6,0.0648,-0.1752,0.1404,0.0168
7,0.1404,0.0168,0.1996,0.1488
8,0.1996,0.1488,0.2096,-0.206
1,-0.4896,0.1068,-0.568,0.2048
2,-0.568,0.2048,-0.3716,0.4976
3,-0.3716,0.4976,0.6848,-0.3772
4,0.6848,-0.3772,0.672,-0.4396
5,0.672,-0.4396,-0.12,-0.39
6,-0.12,-0.39,-0.3828,-0.308
7,-0.3828,-0.308,-0.5456,0.1792
8,-0.5456,0.1792,-0.3572,0.042
1,-0.5588,0.0764,-0.578,-0.0872
2,-0.578,-0.0872,-0.6988,-0.038
3,-0.6988,-0.038,-0.4724,-0.0404
4,-0.4724,-0.0404,0.264,0.3216
5,0.264,0.3216,-0.61,0.0512
6,-0.61,0.0512,-0.4496,-0.0524
7,-0.4496,-0.0524,0.384,0.274
8,0.384,0.274,0.236,0.2188
9,0.236,0.2188,-0.5008,0.0984
1,0.1112,-0.1504,-0.2292,-0.2332
2,-0.2292,-0.2332,0.166,-0.1712
3,0.166,-0.1712,0.002,0.0064
4,0.002,0.0064,-0.1096,0.2148
5,-0.1096,0.2148,-0.156,0.2592
6,-0.156,0.2592,0.0408,-0.0832
7,0.0408,-0.0832,-0.2516,-0.186
1,-0.2856,0.1376,-0.9412,0.4996
2,-0.9412,0.4996,-0.2504,0.1364
3,-0.2504,0.1364,-0.088,0.0612
4,-0.088,0.0612,0.0028,-0.2484
5,0.0028,-0.2484,0.3448,0.2208
6,0.3448,0.2208,0.0028,0.2056
7,0.0028,0.2056,-0.3188,0.2228
8,-0.3188,0.2228,0.012,-0.156
1,0.1392,-0.0724,0.1412,0.3876
2,0.1412,0.3876,-0.0548,0.4592
3,-0.0548,0.4592,0.0236,-0.0776
4,0.0236,-0.0776,0.31,-0.0244
5,0.31,-0.0244,0.2668,0.334
6,0.2668,0.334,0.1884,0.2964
7,0.1884,0.2964,0.128,-0.0972
1,-0.472,0.5116,0.428,0.3384
2,0.428,0.3384,-0.0548,-0.0044
3,-0.0548,-0.0044,0.0056,0.08
4,0.0056,0.08,0.0464,0.1244
5,0.0464,0.1244,0.2176,0.0916
1,0.1332,0.2556,-0.3308,0.0692
2,-0.3308,0.0692,-0.1352,0.0984
3,-0.1352,0.0984,0.3524,0.0364
4,0.3524,0.0364,-0.198,0.096
5,-0.198,0.096,-0.252,-0.0196
6,-0.252,-0.0196,-0.114,0.07
1,-0.0108,-0.024,-0.4232,0.1932
2,-0.4232,0.1932,0.332,0.1432
3,0.332,0.1432,0.5016,0.1628
4,0.5016,0.1628,-0.2704,0.1788
5,-0.2704,0.1788,-0.4104,0.1592
6,-0.4104,0.1592,0.122,0.1664
7,0.122,0.1664,0.6124,0.1688
1,-0.49,-0.0848,0.208,0.058
2,0.208,0.058,-0.0872,0.0304
3,-0.0872,0.0304,-0.2684,-0.028
4,-0.2684,-0.028,-0.1124,-0.1176
1,-0.494,0.2268,0.2472,0.1596
2,0.2472,0.1596,0.3236,0.176
3,0.3236,0.176,-0.0604,0.2836
4,-0.0604,0.2836,-0.2496,-0.182
5,-0.2496,-0.182,-0.454,0.2908
6,-0.454,0.2908,0.368,0.288
7,0.368,0.288,0.2828,0.1496
8,0.2828,0.1496,-0.3012,0.114
1,-0.286,-0.2608,-0.4416,-0.0616
2,-0.4416,-0.0616,-0.0688,-0.028
3,-0.0688,-0.028,-0.6216,-0.0736
1,-0.4836,0.2688,-0.4144,0.156
2,-0.4144,0.156,0.394,0.136
3,0.394,0.136,-0.9816,0.2636
4,-0.9816,0.2636,-0.5744,0.2904
5,-0.5744,0.2904,-0.496,0.1644
6,-0.496,0.1644,0.0184,0.0788
7,0.0184,0.0788,0.0068,0.0636
8,0.0068,0.0636,-0.1588,0.0432
1,-0.1332,-0.1444,-0.514,-0.2716
2,-0.514,-0.2716,-0.5576,-0.3456
3,-0.5576,-0.3456,-0.7604,0.3412
4,-0.7604,0.3412,-0.4596,0.4188
5,-0.4596,0.4188,0.2124,-0.2012
6,0.2124,-0.2012,0.2496,-0.2256
7,0.2496,-0.2256,0.4948,-0.1044
8,0.4948,-0.1044,-0.4144,-0.0324
9,-0.4144,-0.0324,-0.5468,0.1152
10,-0.5468,0.1152,-0.4956,-0.3212
11,-0.4956,-0.3212,-0.1668,-0.02
1,0.2924,0.1084,0.3304,0.2852
2,0.3304,0.2852,0.1996,0.3732
3,0.1996,0.3732,-0.1516,0.2448
4,-0.1516,0.2448,0.272,0.1668
5,0.272,0.1668,0.3404,0.3508
6,0.3404,0.3508,0.3192,0.1016
7,0.3192,0.1016,-0.1392,0.0796
1,-0.6336,0.0132,-0.8292,-0.1876
2,-0.8292,-0.1876,-0.5704,0.4824
3,-0.5704,0.4824,-0.0036,0.1224
4,-0.0036,0.1224,-0.6972,-0.1272
5,-0.6972,-0.1272,-0.8268,-0.1772
6,-0.8268,-0.1772,-0.1092,0.178
7,-0.1092,0.178,0.558,0.1228
8,0.558,0.1228,-0.4988,0.262
9,-0.4988,0.262,-0.7092,-0.2404
10,-0.7092,-0.2404,-0.838,-0.2124
1,-0.1736,0.4324,0.3752,0.3704
2,0.3752,0.3704,0.3252,0.0304
3,0.3252,0.0304,0.452,0.2932
4,0.452,0.2932,-0.4572,0.0868
5,-0.4572,0.0868,-0.5248,-0.016
6,-0.5248,-0.016,-0.0164,-0.0284
1,-0.0384,-0.3616,0.0748,-0.3684
2,0.0748,-0.3684,-0.4648,0.0224
3,-0.4648,0.0224,-0.1564,-0.3864
4,-0.1564,-0.3864,0.0168,-0.3988
5,0.0168,-0.3988,0.0692,-0.4204
6,0.0692,-0.4204,-0.2888,0.2388
7,-0.2888,0.2388,-0.31,-0.2908
1,0.3692,0.0112,0.2104,0.4488
2,0.2104,0.4488,0.0756,0.2788
3,0.0756,0.2788,0.3624,0.0776
4,0.3624,0.0776,0.3484,-0.0784
5,0.3484,-0.0784,0.132,0.2712
6,0.132,0.2712,-0.9176,0.2504
7,-0.9176,0.2504,0.2164,-0.0516
8,0.2164,-0.0516,0.3236,-0.0776
1,0.346,-0.1544,0.194,-0.166
2,0.194,-0.166,-0.0316,-0.1096
3,-0.0316,-0.1096,-0.7644,0.0816
4,-0.7644,0.0816,-0.0576,0.0148
5,-0.0576,0.0148,0.584,-0.0484
6,0.584,-0.0484,-0.6124,0.1344
7,-0.6124,0.1344,-0.4144,0.0776
8,-0.4144,0.0776,-0.3,0.0728
9,-0.3,0.0728,-0.3848,0.1284
1,0.0784,0.0112,0.1636,-0.008
2,0.1636,-0.008,-0.8448,-0.0496
3,-0.8448,-0.0496,-0.0216,0.0628
4,-0.0216,0.0628,-0.9436,-0.0548
5,-0.9436,-0.0548,0.2972,-0.0156
6,0.2972,-0.0156,0.076,-0.0084
7,0.076,-0.0084,-0.0132,0.03
1,0.3236,-0.056,0.418,-0.058
2,0.418,-0.058,0.3356,-0.0652
3,0.3356,-0.0652,-0.328,-0.0772
4,-0.328,-0.0772,0.3632,-0.0416
5,0.3632,-0.0416,-0.682,-0.0272
6,-0.682,-0.0272,0.0592,-0.0084
7,0.0592,-0.0084,0.3268,0.0512
8,0.3268,0.0512,0.4212,0.0164
1,-0.2032,-0.094,0.2532,-0.01
2,0.2532,-0.01,0.0356,-0.0616
3,0.0356,-0.0616,0.2592,0.0032
4,0.2592,0.0032,-0.542,0.1372
5,-0.542,0.1372,-0.5132,0.1536
6,-0.5132,0.1536,-0.5036,0.1732
7,-0.5036,0.1732,-0.0756,-0.0912
8,-0.0756,-0.0912,0.0692,0.0136
1,0.1352,-0.3376,0.1604,-0.4912
2,0.1604,-0.4912,-0.2288,0.114
3,-0.2288,0.114,0.218,-0.4676
4,0.218,-0.4676,-0.3568,0.7012
5,-0.3568,0.7012,0.3848,0.3004
6,0.3848,0.3004,0.1308,-0.286
7,0.1308,-0.286,-0.1704,0.1248
8,-0.1704,0.1248,0.142,-0.1856
1,-0.1364,0.2124,0.0812,-0.1288
2,0.0812,-0.1288,-0.2356,0.2852
3,-0.2356,0.2852,-0.1648,0.232
4,-0.1648,0.232,-0.1072,0.2576
5,-0.1072,0.2576,0.0596,-0.166
6,0.0596,-0.166,-0.2784,0.2024
7,-0.2784,0.2024,0.0768,-0.1076
8,0.0768,-0.1076,-0.23,0.252
1,-0.3376,0.0068,-0.6512,0.1568
2,-0.6512,0.1568,0.4404,-0.1592
3,0.4404,-0.1592,0.5204,-0.184
4,0.5204,-0.184,-0.6384,0.1924
5,-0.6384,0.1924,-0.674,0.22
6,-0.674,0.22,-0.6292,0.1876
7,-0.6292,0.1876,-0.2776,-0.0624
1,-0.2296,0.2032,-0.6168,0.0736
2,-0.6168,0.0736,0.3848,0.0504
3,0.3848,0.0504,0.4064,0.03
4,0.4064,0.03,0.3044,0.2792
5,0.3044,0.2792,0.0204,0.4108
6,0.0204,0.4108,-0.3728,0.2188
7,-0.3728,0.2188,-0.246,0.2192
8,-0.246,0.2192,-0.3556,0.194
9,-0.3556,0.194,-0.1752,0.2524
1,-0.248,-0.1764,-0.4272,-0.404
2,-0.4272,-0.404,-0.498,-0.3828
3,-0.498,-0.3828,-0.6348,-0.5104
4,-0.6348,-0.5104,-0.3784,-0.3404
5,-0.3784,-0.3404,-0.2772,-0.1612
6,-0.2772,-0.1612,-0.378,-0.312
7,-0.378,-0.312,-0.4836,-0.498
8,-0.4836,-0.498,-0.6276,-0.47
1,-0.4204,0.2756,-0.1012,0.3256
2,-0.1012,0.3256,0.302,0.0608
3,0.302,0.0608,-0.1552,0.4104
4,-0.1552,0.4104,0.2424,0.04
5,0.2424,0.04,0.0644,0.0408
6,0.0644,0.0408,-0.2704,-0.0336
1,-0.1024,-0.1148,-0.6572,0.1152
2,-0.6572,0.1152,-0.1072,0.0456
1,-0.2204,-0.0236,-0.252,-0.1308
2,-0.252,-0.1308,-0.1728,0.2744
3,-0.1728,0.2744,-0.184,-0.0112
1,-0.6636,0.008,-0.0128,0.2388
2,-0.0128,0.2388,-0.7116,0.0008
3,-0.7116,0.0008,-0.8424,-0.2932
4,-0.8424,-0.2932,-0.2156,0.1816
5,-0.2156,0.1816,0.412,0.298
6,0.412,0.298,-0.6576,0.0312
7,-0.6576,0.0312,-0.6844,-0.052
8,-0.6844,-0.052,-0.2288,0.0044
1,0.0136,0.1532,0.1256,0.1684
2,0.1256,0.1684,-0.8056,-0.05
3,-0.8056,-0.05,-0.8328,0.0964
4,-0.8328,0.0964,0.0212,0.0492
5,0.0212,0.0492,0.0088,0.188
6,0.0088,0.188,0.0964,0.1664
7,0.0964,0.1664,-0.8164,-0.0184
8,-0.8164,-0.0184,-0.7184,-0.0952
9,-0.7184,-0.0952,0.1404,-0.0396
1,-0.6672,0.0728,0.0576,0.1152
2,0.0576,0.1152,0.1508,0.1332
3,0.1508,0.1332,-0.6296,0.1256
4,-0.6296,0.1256,-0.506,0.0616
5,-0.506,0.0616,0.164,0.1244
6,0.164,0.1244,-0.5776,0.02
7,-0.5776,0.02,-0.2232,-0.0124
1,-0.518,0.1624,0.45,-0.324
2,0.45,-0.324,0.4316,0.052
3,0.4316,0.052,-0.5992,0.1936
4,-0.5992,0.1936,0.4628,-0.0136
5,0.4628,-0.0136,0.5404,-0.0748
6,0.5404,-0.0748,0.3424,0.4668
1,-0.2176,-0.3276,-0.1776,0.3316
2,-0.1776,0.3316,-0.2316,-0.052
3,-0.2316,-0.052,-0.264,-0.3324
4,-0.264,-0.3324,-0.266,0.194
5,-0.266,0.194,-0.1428,0.284
6,-0.1428,0.284,-0.218,0.2648
7,-0.218,0.2648,-0.2924,-0.1032
1,-0.228,-0.0012,-0.3488,0.0532
2,-0.3488,0.0532,-0.1344,0.4448
3,-0.1344,0.4448,-0.1768,0.4464
4,-0.1768,0.4464,-0.0348,0.4804
5,-0.0348,0.4804,-0.3472,0.1136
6,-0.3472,0.1136,0.3296,0.0152
7,0.3296,0.0152,-0.7652,-0.3064
8,-0.7652,-0.3064,-0.5316,-0.2528
9,-0.5316,-0.2528,-0.372,-0.306
10,-0.372,-0.306,-0.2124,0.1672
1,-0.0612,0.1236,0.1472,0.1596
2,0.1472,0.1596,-0.0596,0.1844
1,-0.0916,0.25,-0.0332,0.382
2,-0.0332,0.382,-0.2984,0.16
3,-0.2984,0.16,-0.2432,0.1016
4,-0.2432,0.1016,0.3296,-0.1588
5,0.3296,-0.1588,0.3192,-0.1856
6,0.3192,-0.1856,-0.2532,0.1568
1,-0.5368,-0.1324,-0.558,-0.4884
2,-0.558,-0.4884,0.53,0.0604
3,0.53,0.0604,0.3488,-0.098
4,0.3488,-0.098,-0.34,-0.3244
5,-0.34,-0.3244,-0.4464,-0.5368
6,-0.4464,-0.5368,0.5872,-0.0588
7,0.5872,-0.0588,-0.1296,-0.0312
1,0.0988,-0.4048,0.0304,-0.4804
2,0.0304,-0.4804,0.5496,0.0164
3,0.5496,0.0164,0.1228,-0.226
4,0.1228,-0.226,0.004,-0.4724
5,0.004,-0.4724,-0.0972,-0.1924
6,-0.0972,-0.1924,-0.0936,-0.1952
1,-0.1576,0.018,-0.832,0.0044
2,-0.832,0.0044,-0.5608,0.0576
3,-0.5608,0.0576,-0.106,0.1984
4,-0.106,0.1984,-0.8192,-0.016
7,-0.1272,0.1752,-0.12,-0.0764
1,-0.758,-0.1728,0.3528,0.064
2,0.3528,0.064,0.8128,0.258
3,0.8128,0.258,0.1412,0.1488
4,0.1412,0.1488,0.0276,0.1296
5,0.0276,0.1296,0.6256,0.3136
6,0.6256,0.3136,0.8192,0.248
7,0.8192,0.248,-0.3548,0.0828
8,-0.3548,0.0828,-0.7396,0.1308
9,-0.7396,0.1308,0.2992,0.0836
1,-0.0116,-0.212,-0.0296,0.0788
2,-0.0296,0.0788,0.0736,-0.1948
3,0.0736,-0.1948,-0.0128,-0.2832
4,-0.0128,-0.2832,-0.1652,0.0276
5,-0.1652,0.0276,0.1188,0.0124
6,0.1188,0.0124,-0.1784,0.0904
1,-0.0444,-0.0224,-0.4916,0.0744
2,-0.4916,0.0744,-0.352,0.216
3,-0.352,0.216,-0.8328,-0.1312
4,-0.8328,-0.1312,0.4044,-0.1492
5,0.4044,-0.1492,0.3084,-0.2624
6,0.3084,-0.2624,0.0424,0.0332
7,0.0424,0.0332,-0.0052,-0.0492
8,-0.0052,-0.0492,-0.2744,0.2548
1,0.3008,-0.0448,0.2916,-0.1352
2,0.2916,-0.1352,0.7488,-0.1624
3,0.7488,-0.1624,0.2292,-0.2008
4,0.2292,-0.2008,-0.2856,0.0668
5,-0.2856,0.0668,0.072,-0.3424
6,0.072,-0.3424,0.0984,-0.2836
7,0.0984,-0.2836,-0.3364,0.1508
8,-0.3364,0.1508,0.054,-0.3108
1,-0.0836,-0.0828,-0.0288,-0.0852
2,-0.0288,-0.0852,-0.1456,-0.0792
3,-0.1456,-0.0792,-0.1148,-0.0656
1,-0.086,0.0312,0.068,0.068
2,0.068,0.068,0.5456,0.0784
3,0.5456,0.0784,-0.0764,0.0744
4,-0.0764,0.0744,0.7028,0.1164
5,0.7028,0.1164,-0.6772,0.042
6,-0.6772,0.042,-0.2028,0.0436
1,-0.2996,-0.0564,-0.464,0.1076
2,-0.464,0.1076,-0.2284,0.1596
3,-0.2284,0.1596,0.0944,-0.1096
4,0.0944,-0.1096,-0.1408,0.1072
5,-0.1408,0.1072,-0.0748,0.04
6,-0.0748,0.04,0.0808,-0.1632
7,0.0808,-0.1632,0.4064,0.6972
8,0.4064,0.6972,-0.2616,0.0836
9,-0.2616,0.0836,-0.2992,-0.0824
10,-0.2992,-0.0824,-0.5216,0.1996
1,0.4972,0.276,0.0408,-0.0144
2,0.0408,-0.0144,0.4896,0.3624
3,0.4896,0.3624,-0.7412,0.2256
4,-0.7412,0.2256,0.276,-0.2252
5,0.276,-0.2252,0.0048,0.0964
6,0.0048,0.0964,0.568,-0.05
7,0.568,-0.05,0.136,0.148
8,0.136,0.148,0.4484,0.3396
1,-0.6328,0.0116,-0.664,-0.0276
2,-0.664,-0.0276,-0.6028,0.0212
3,-0.6028,0.0212,0.5424,0.2456
4,0.5424,0.2456,0.4172,-0.3108
5,0.4172,-0.3108,-0.5628,0.0092
6,-0.5628,0.0092,-0.648,0.0008
1,0.0988,-0.0164,0.088,-0.302
2,0.088,-0.302,0.7152,0.4444
3,0.7152,0.4444,-0.268,-0.2836
4,-0.268,-0.2836,0.1228,-0.2476
5,0.1228,-0.2476,0.7128,0.3848
6,0.7128,0.3848,0.0804,-0.2148
7,0.0804,-0.2148,-0.338,0.0708
8,-0.338,0.0708,-0.072,0.0496
1,-0.2416,0.0992,-0.1644,0.19
2,-0.1644,0.19,-0.7512,0.0956
3,-0.7512,0.0956,0.3084,-0.0328
4,0.3084,-0.0328,-0.2268,0.1208
5,-0.2268,0.1208,-0.4464,0.0476
6,-0.4464,0.0476,-0.1788,0.0292
1,-0.0788,0.1756,-0.012,0.374
2,-0.012,0.374,-0.022,-0.1012
3,-0.022,-0.1012,-0.0704,0.268
4,-0.0704,0.268,-0.0348,0.3596
5,-0.0348,0.3596,-0.1948,0.2556
6,-0.1948,0.2556,-0.4164,0.0964
1,-0.1524,0.2268,0.054,0.2656
2,0.054,0.2656,0.3344,0.146
3,0.3344,0.146,-0.7372,0.3276
4,-0.7372,0.3276,-0.5268,0.1664
5,-0.5268,0.1664,-0.4692,0.1164
6,-0.4692,0.1164,0.482,0.1636
7,0.482,0.1636,-0.6972,0.346
8,-0.6972,0.346,0.3716,0.224
9,0.3716,0.224,-0.6296,0.2448
1,0.0188,-0.0968,0.0964,-0.0756
2,0.0964,-0.0756,-0.2244,0
3,-0.2244,0,-0.574,0.4328
6,-0.9816,0.2116,-0.0228,-0.144
1,-0.3352,-0.3088,-0.298,-0.3892
2,-0.298,-0.3892,-0.1848,-0.1812
3,-0.1848,-0.1812,-0.0776,-0.1316
4,-0.0776,-0.1316,-0.316,-0.28
5,-0.316,-0.28,-0.7576,-0.1204
6,-0.7576,-0.1204,0.132,0.1092
7,0.132,0.1092,0.6296,0.1796
1,-0.2544,-0.0572,-0.8092,-0.0904
2,-0.8092,-0.0904,0.5048,-0.0928
3,0.5048,-0.0928,0.5564,0.4676
4,0.5564,0.4676,0.7284,0.032
5,0.7284,0.032,0.4644,-0.4132
6,0.4644,-0.4132,-0.3456,-0.1576
7,-0.3456,-0.1576,-0.238,-0.0112
8,-0.238,-0.0112,0.1476,0.14
9,0.1476,0.14,0.4228,0.2832
1,-0.0728,-0.05,-0.7692,0.516
2,-0.7692,0.516,-0.1572,0.0556
3,-0.1572,0.0556,0.0308,-0.0816
4,0.0308,-0.0816,-0.0764,-0.0644
1,-0.4092,0.1704,-0.1076,0.036
2,-0.1076,0.036,-0.1344,-0.0236
3,-0.1344,-0.0236,-0.4624,0.3108
4,-0.4624,0.3108,-0.5668,0.3844
1,-0.4752,0.0276,-0.43,0.1832
2,-0.43,0.1832,0.522,0.37
3,0.522,0.37,-0.3648,0.1156
4,-0.3648,0.1156,-0.2184,0.0668
5,-0.2184,0.0668,-0.6676,-0.2932
6,-0.6676,-0.2932,0.2652,-0.2172
7,0.2652,-0.2172,-0.6596,-0.2264
1,0.3728,0.0684,-0.4916,-0.18
2,-0.4916,-0.18,-0.3432,-0.2392
3,-0.3432,-0.2392,-0.4916,-0.1796
4,-0.4916,-0.1796,0.4336,-0.096
5,0.4336,-0.096,0.3072,0.1648
